410,1.6524393809749699e+18,-22.63779067993164,74.67041778564453,1320.3328857421875,0.13259369134902954,-0.8625277280807495,0.48832857608795166,0.9782106280326843,0.034464891999959946,-0.20473435521125793,0.15975886583328247,0.5048347115516663,0.8483036160469055
410,1.652439380985169e+18,-22.578857421875,74.70458984375,1320.3236083984375,0.13252060115337372,-0.8628718256950378,0.487740159034729,0.9782578945159912,0.03466169536113739,-0.20447511970996857,0.1595299243927002,0.5042328238487244,0.8487045764923096
300,1.6524393809852147e+18,102.56887817382812,177.802001953125,1223.14990234375,0.9307690262794495,-0.2771976888179779,0.23839150369167328,0.029381949454545975,-0.5932197570800781,-0.8045042157173157,0.36442527174949646,0.7558119893074036,-0.5440059900283813
300,1.6524393809949678e+18,102.56887817382812,177.802001953125,1223.14990234375,0.9307690262794495,-0.2771976888179779,0.23839150369167328,0.029381949454545975,-0.5932197570800781,-0.8045042157173157,0.36442527174949646,0.7558119893074036,-0.5440059900283813
410,1.6524393809949893e+18,-22.578857421875,74.70458984375,1320.3236083984375,0.13252060115337372,-0.8628718256950378,0.487740159034729,0.9782578945159912,0.03466169536113739,-0.20447511970996857,0.1595299243927002,0.5042328238487244,0.8487045764923096
410,1.6524393810049848e+18,-22.578857421875,74.70458984375,1320.3236083984375,0.13252060115337372,-0.8628718256950378,0.487740159034729,0.9782578945159912,0.03466169536113739,-0.20447511970996857,0.1595299243927002,0.5042328238487244,0.8487045764923096
300,1.6524393810050284e+18,102.56887817382812,177.802001953125,1223.14990234375,0.9307690262794495,-0.2771976888179779,0.23839150369167328,0.029381949454545975,-0.5932197570800781,-0.8045042157173157,0.36442527174949646,0.7558119893074036,-0.5440059900283813
300,1.6524393810151552e+18,102.60721588134766,177.78839111328125,1223.1651611328125,0.9308190941810608,-0.27702826261520386,0.2383929342031479,0.0294782891869545,-0.5932411551475525,-0.8044849038124084,0.3642895519733429,0.7558573484420776,-0.5440338850021362
410,1.652439381015246e+18,-22.613079071044922,74.66895294189453,1320.34130859375,0.1323547214269638,-0.8627462983131409,0.48800721764564514,0.9782705903053284,0.0344294048845768,-0.2044537216424942,0.15958988666534424,0.5044634938240051,0.8485562205314636
410,1.652439381025047e+18,-22.613079071044922,74.66895294189453,1320.34130859375,0.1323547214269638,-0.8627462983131409,0.48800721764564514,0.9782705903053284,0.0344294048845768,-0.2044537216424942,0.15958988666534424,0.5044634938240051,0.8485562205314636
300,1.652439381025092e+18,102.60721588134766,177.78839111328125,1223.1651611328125,0.9308190941810608,-0.27702826261520386,0.2383929342031479,0.0294782891869545,-0.5932411551475525,-0.8044849038124084,0.3642895519733429,0.7558573484420776,-0.5440338850021362
410,1.652439381034877e+18,-22.613079071044922,74.66895294189453,1320.34130859375,0.1323547214269638,-0.8627462983131409,0.48800721764564514,0.9782705903053284,0.0344294048845768,-0.2044537216424942,0.15958988666534424,0.5044634938240051,0.8485562205314636
300,1.652439381034903e+18,102.60721588134766,177.78839111328125,1223.1651611328125,0.9308190941810608,-0.27702826261520386,0.2383929342031479,0.0294782891869545,-0.5932411551475525,-0.8044849038124084,0.3642895519733429,0.7558573484420776,-0.5440338850021362
410,1.652439381045211e+18,-22.57135581970215,74.72013092041016,1320.3343505859375,0.13198938965797424,-0.862683117389679,0.4882178008556366,0.9783380031585693,0.03413262590765953,-0.20418058335781097,0.15947899222373962,0.504591703414917,0.8485008478164673
300,1.6524393810452595e+18,102.57828521728516,177.79489135742188,1223.15087890625,0.9308526515960693,-0.2770521342754364,0.23823414742946625,0.029305770993232727,-0.5932835340499878,-0.8044599294662476,0.36421775817871094,0.7558152675628662,-0.5441403388977051
300,1.6524393810551204e+18,102.57828521728516,177.79489135742188,1223.15087890625,0.9308526515960693,-0.2770521342754364,0.23823414742946625,0.029305770993232727,-0.5932835340499878,-0.8044599294662476,0.36421775817871094,0.7558152675628662,-0.5441403388977051
410,1.6524393810552105e+18,-22.57135581970215,74.72013092041016,1320.3343505859375,0.13198938965797424,-0.862683117389679,0.4882178008556366,0.9783380031585693,0.03413262590765953,-0.20418058335781097,0.15947899222373962,0.504591703414917,0.8485008478164673
410,1.652439381064929e+18,-22.57135581970215,74.72013092041016,1320.3343505859375,0.13198938965797424,-0.862683117389679,0.4882178008556366,0.9783380031585693,0.03413262590765953,-0.20418058335781097,0.15947899222373962,0.504591703414917,0.8485008478164673
300,1.6524393810649705e+18,102.57828521728516,177.79489135742188,1223.15087890625,0.9308526515960693,-0.2770521342754364,0.23823414742946625,0.029305770993232727,-0.5932835340499878,-0.8044599294662476,0.36421775817871094,0.7558152675628662,-0.5441403388977051
300,1.6524393810751462e+18,102.60369873046875,177.7955780029297,1223.146484375,0.9308234453201294,-0.2770521342754364,0.2383481115102768,0.029554512351751328,-0.5929717421531677,-0.8046807050704956,0.36427220702171326,0.7560599446296692,-0.5437638759613037
410,1.6524393810751695e+18,-22.613306045532227,74.73726654052734,1320.343994140625,0.1327090710401535,-0.8625239729881287,0.48830392956733704,0.9781676530838013,0.03448052331805229,-0.20493681728839874,0.1599259376525879,0.504840075969696,0.8482689261436462
300,1.6524393810852506e+18,102.60369873046875,177.7955780029297,1223.146484375,0.9308234453201294,-0.2770521342754364,0.2383481115102768,0.029554512351751328,-0.5929717421531677,-0.8046807050704956,0.36427220702171326,0.7560599446296692,-0.5437638759613037
410,1.6524393810852897e+18,-22.613306045532227,74.73726654052734,1320.343994140625,0.1327090710401535,-0.8625239729881287,0.48830392956733704,0.9781676530838013,0.03448052331805229,-0.20493681728839874,0.1599259376525879,0.504840075969696,0.8482689261436462
300,1.6524393810949207e+18,102.60369873046875,177.7955780029297,1223.146484375,0.9308234453201294,-0.2770521342754364,0.2383481115102768,0.029554512351751328,-0.5929717421531677,-0.8046807050704956,0.36427220702171326,0.7560599446296692,-0.5437638759613037
410,1.6524393810949599e+18,-22.613306045532227,74.73726654052734,1320.343994140625,0.1327090710401535,-0.8625239729881287,0.48830392956733704,0.9781676530838013,0.03448052331805229,-0.20493681728839874,0.1599259376525879,0.504840075969696,0.8482689261436462
300,1.6524393811051935e+18,102.56876373291016,177.80419921875,1223.1392822265625,0.9307965636253357,-0.27711379528045654,0.2383815199136734,0.02937772125005722,-0.5933189392089844,-0.8044312000274658,0.36435526609420776,0.755764901638031,-0.5441182255744934
410,1.652439381105232e+18,-22.571834564208984,74.78651428222656,1320.349853515625,0.13234613835811615,-0.8625585436820984,0.4883413016796112,0.9782683849334717,0.034332603216171265,-0.20448027551174164,0.15961018204689026,0.5047910213470459,0.848357617855072
300,1.652439381115125e+18,102.56876373291016,177.80419921875,1223.1392822265625,0.9307965636253357,-0.27711379528045654,0.2383815199136734,0.02937772125005722,-0.5933189392089844,-0.8044312000274658,0.36435526609420776,0.755764901638031,-0.5441182255744934
410,1.6524393811151478e+18,-22.571834564208984,74.78651428222656,1320.349853515625,0.13234613835811615,-0.8625585436820984,0.4883413016796112,0.9782683849334717,0.034332603216171265,-0.20448027551174164,0.15961018204689026,0.5047910213470459,0.848357617855072
410,1.6524393811250227e+18,-22.571834564208984,74.78651428222656,1320.349853515625,0.13234613835811615,-0.8625585436820984,0.4883413016796112,0.9782683849334717,0.034332603216171265,-0.20448027551174164,0.15961018204689026,0.5047910213470459,0.848357617855072
300,1.6524393811250652e+18,102.56876373291016,177.80419921875,1223.1392822265625,0.9307965636253357,-0.27711379528045654,0.2383815199136734,0.02937772125005722,-0.5933189392089844,-0.8044312000274658,0.36435526609420776,0.755764901638031,-0.5441182255744934
300,1.652439381135179e+18,102.607421875,177.7840118408203,1223.1475830078125,0.9308253526687622,-0.2770242393016815,0.2383730411529541,0.02949538081884384,-0.5931751728057861,-0.8045329451560974,0.3642720878124237,0.7559105753898621,-0.543971598148346
410,1.6524393811352023e+18,-22.611013412475586,74.74837493896484,1320.384521484375,0.13237518072128296,-0.8628356456756592,0.48784366250038147,0.9782779216766357,0.03451723977923393,-0.20440362393856049,0.1595277190208435,0.5043046474456787,0.8486623167991638
410,1.6524393811450883e+18,-22.611013412475586,74.74837493896484,1320.384521484375,0.13237518072128296,-0.8628356456756592,0.48784366250038147,0.9782779216766357,0.03451723977923393,-0.20440362393856049,0.1595277190208435,0.5043046474456787,0.8486623167991638
300,1.6524393811451336e+18,102.607421875,177.7840118408203,1223.1475830078125,0.9308253526687622,-0.2770242393016815,0.2383730411529541,0.02949538081884384,-0.5931751728057861,-0.8045329451560974,0.3642720878124237,0.7559105753898621,-0.543971598148346
300,1.6524393811549865e+18,102.607421875,177.7840118408203,1223.1475830078125,0.9308253526687622,-0.2770242393016815,0.2383730411529541,0.02949538081884384,-0.5931751728057861,-0.8045329451560974,0.3642720878124237,0.7559105753898621,-0.543971598148346
410,1.652439381155008e+18,-22.611013412475586,74.74837493896484,1320.384521484375,0.13237518072128296,-0.8628356456756592,0.48784366250038147,0.9782779216766357,0.03451723977923393,-0.20440362393856049,0.1595277190208435,0.5043046474456787,0.8486623167991638
410,1.652439381165224e+18,-22.563159942626953,74.8005142211914,1320.3548583984375,0.13198938965797424,-0.8626390695571899,0.48829567432403564,0.9783111214637756,0.03402909263968468,-0.20432673394680023,0.1596439629793167,0.5046740770339966,0.8484208583831787
300,1.6524393811652754e+18,102.57453155517578,177.79306030273438,1223.147216796875,0.9306966662406921,-0.2772752344608307,0.23858369886875153,0.029422705993056297,-0.5933796763420105,-0.8043847680091858,0.36460667848587036,0.7556580305099487,-0.5440982580184937
300,1.6524393811750464e+18,102.57453155517578,177.79306030273438,1223.147216796875,0.9306966662406921,-0.2772752344608307,0.23858369886875153,0.029422705993056297,-0.5933796763420105,-0.8043847680091858,0.36460667848587036,0.7556580305099487,-0.5440982580184937
410,1.6524393811750676e+18,-22.563159942626953,74.8005142211914,1320.3548583984375,0.13198938965797424,-0.8626390695571899,0.48829567432403564,0.9783111214637756,0.03402909263968468,-0.20432673394680023,0.1596439629793167,0.5046740770339966,0.8484208583831787
410,1.6524393811851123e+18,-22.563159942626953,74.8005142211914,1320.3548583984375,0.13198938965797424,-0.8626390695571899,0.48829567432403564,0.9783111214637756,0.03402909263968468,-0.20432673394680023,0.1596439629793167,0.5046740770339966,0.8484208583831787
300,1.6524393811851569e+18,102.57453155517578,177.79306030273438,1223.147216796875,0.9306966662406921,-0.2772752344608307,0.23858369886875153,0.029422705993056297,-0.5933796763420105,-0.8043847680091858,0.36460667848587036,0.7556580305099487,-0.5440982580184937
300,1.6524393811951703e+18,102.60850524902344,177.78433227539062,1223.1483154296875,0.9307578206062317,-0.27712348103523254,0.2385212779045105,0.029523607343435287,-0.5932543873786926,-0.8044735193252563,0.36444228887557983,0.7558120489120483,-0.5439944863319397
410,1.6524393811951972e+18,-22.5905704498291,74.82257843017578,1320.3760986328125,0.1322881281375885,-0.8625786900520325,0.4883214831352234,0.9782471060752869,0.03419692814350128,-0.20460481941699982,0.15978866815567017,0.5047658681869507,0.8483389616012573
410,1.6524393812052027e+18,-22.5905704498291,74.82257843017578,1320.3760986328125,0.1322881281375885,-0.8625786900520325,0.4883214831352234,0.9782471060752869,0.03419692814350128,-0.20460481941699982,0.15978866815567017,0.5047658681869507,0.8483389616012573
300,1.6524393812052488e+18,102.60850524902344,177.78433227539062,1223.1483154296875,0.9307578206062317,-0.27712348103523254,0.2385212779045105,0.029523607343435287,-0.5932543873786926,-0.8044735193252563,0.36444228887557983,0.7558120489120483,-0.5439944863319397
300,1.6524393812150625e+18,102.60850524902344,177.78433227539062,1223.1483154296875,0.9307578206062317,-0.27712348103523254,0.2385212779045105,0.029523607343435287,-0.5932543873786926,-0.8044735193252563,0.36444228887557983,0.7558120489120483,-0.5439944863319397
410,1.652439381215085e+18,-22.5905704498291,74.82257843017578,1320.3760986328125,0.1322881281375885,-0.8625786900520325,0.4883214831352234,0.9782471060752869,0.03419692814350128,-0.20460481941699982,0.15978866815567017,0.5047658681869507,0.8483389616012573
300,1.652439381225072e+18,102.56405639648438,177.8107147216797,1223.162841796875,0.9307574033737183,-0.2771911025047302,0.23844443261623383,0.029382621869444847,-0.5933218002319336,-0.8044289350509644,0.36445480585098267,0.7557343244552612,-0.5440940260887146
410,1.652439381225207e+18,-22.568622589111328,74.85633087158203,1320.3851318359375,0.13237273693084717,-0.8626744747161865,0.48812931776046753,0.9783682227134705,0.034732524305582047,-0.20393452048301697,0.15897515416145325,0.5045655965805054,0.8486109375953674
300,1.6524393812351352e+18,102.56405639648438,177.8107147216797,1223.162841796875,0.9307574033737183,-0.2771911025047302,0.23844443261623383,0.029382621869444847,-0.5933218002319336,-0.8044289350509644,0.36445480585098267,0.7557343244552612,-0.5440940260887146
410,1.6524393812352225e+18,-22.568622589111328,74.85633087158203,1320.3851318359375,0.13237273693084717,-0.8626744747161865,0.48812931776046753,0.9783682227134705,0.034732524305582047,-0.20393452048301697,0.15897515416145325,0.5045655965805054,0.8486109375953674
410,1.6524393812451092e+18,-22.568622589111328,74.85633087158203,1320.3851318359375,0.13237273693084717,-0.8626744747161865,0.48812931776046753,0.9783682227134705,0.034732524305582047,-0.20393452048301697,0.15897515416145325,0.5045655965805054,0.8486109375953674
300,1.6524393812451564e+18,102.56405639648438,177.8107147216797,1223.162841796875,0.9307574033737183,-0.2771911025047302,0.23844443261623383,0.029382621869444847,-0.5933218002319336,-0.8044289350509644,0.36445480585098267,0.7557343244552612,-0.5440940260887146
410,1.652439381255088e+18,-22.576261520385742,74.883056640625,1320.3919677734375,0.13217011094093323,-0.8627933263778687,0.48797407746315,0.9782692790031433,0.03420061618089676,-0.20449835062026978,0.1597508043050766,0.5043986439704895,0.8485645055770874
300,1.652439381255115e+18,102.59982299804688,177.80174255371094,1223.15478515625,0.9308246374130249,-0.2771000862121582,0.23828768730163574,0.02946755662560463,-0.5929819345474243,-0.8046764135360718,0.3642762005329132,0.7560343742370605,-0.543796718120575
300,1.652439381265173e+18,102.59982299804688,177.80174255371094,1223.15478515625,0.9308246374130249,-0.2771000862121582,0.23828768730163574,0.02946755662560463,-0.5929819345474243,-0.8046764135360718,0.3642762005329132,0.7560343742370605,-0.543796718120575
410,1.6524393812652078e+18,-22.576261520385742,74.883056640625,1320.3919677734375,0.13217011094093323,-0.8627933263778687,0.48797407746315,0.9782692790031433,0.03420061618089676,-0.20449835062026978,0.1597508043050766,0.5043986439704895,0.8485645055770874
300,1.6524393812750676e+18,102.59982299804688,177.80174255371094,1223.15478515625,0.9308246374130249,-0.2771000862121582,0.23828768730163574,0.02946755662560463,-0.5929819345474243,-0.8046764135360718,0.3642762005329132,0.7560343742370605,-0.543796718120575
410,1.652439381275147e+18,-22.576261520385742,74.883056640625,1320.3919677734375,0.13217011094093323,-0.8627933263778687,0.48797407746315,0.9782692790031433,0.03420061618089676,-0.20449835062026978,0.1597508043050766,0.5043986439704895,0.8485645055770874
300,1.6524393812853315e+18,102.5709457397461,177.80368041992188,1223.1624755859375,0.930828869342804,-0.27711963653564453,0.23824848234653473,0.02934778481721878,-0.5931349396705627,-0.8045679926872253,0.36427509784698486,0.7559071779251099,-0.5439742803573608
410,1.652439381285366e+18,-22.524600982666016,74.89509582519531,1320.381103515625,0.13218073546886444,-0.8629288077354431,0.4877316355705261,0.9783815741539001,0.03462667390704155,-0.2038884460926056,0.15905268490314484,0.5041377544403076,0.8488506078720093
300,1.6524393812951352e+18,102.5709457397461,177.80368041992188,1223.1624755859375,0.930828869342804,-0.27711963653564453,0.23824848234653473,0.02934778481721878,-0.5931349396705627,-0.8045679926872253,0.36427509784698486,0.7559071779251099,-0.5439742803573608
410,1.6524393812951562e+18,-22.524600982666016,74.89509582519531,1320.381103515625,0.13218073546886444,-0.8629288077354431,0.4877316355705261,0.9783815741539001,0.03462667390704155,-0.2038884460926056,0.15905268490314484,0.5041377544403076,0.8488506078720093
410,1.6524393813050993e+18,-22.524600982666016,74.89509582519531,1320.381103515625,0.13218073546886444,-0.8629288077354431,0.4877316355705261,0.9783815741539001,0.03462667390704155,-0.2038884460926056,0.15905268490314484,0.5041377544403076,0.8488506078720093
300,1.652439381305145e+18,102.5709457397461,177.80368041992188,1223.1624755859375,0.930828869342804,-0.27711963653564453,0.23824848234653473,0.02934778481721878,-0.5931349396705627,-0.8045679926872253,0.36427509784698486,0.7559071779251099,-0.5439742803573608
300,1.652439381315238e+18,102.60469818115234,177.78509521484375,1223.150146484375,0.9308311939239502,-0.2769790291786194,0.23840293288230896,0.029474610462784767,-0.5933302640914917,-0.8044193387031555,0.36425894498825073,0.7558053731918335,-0.5441264510154724
410,1.6524393813152637e+18,-22.555540084838867,74.92295837402344,1320.402587890625,0.13204370439052582,-0.8627476096153259,0.4880891442298889,0.978284478187561,0.03406235948204994,-0.20444850623607635,0.15976198017597198,0.5044862031936646,0.8485103249549866
300,1.6524393813251287e+18,102.60469818115234,177.78509521484375,1223.150146484375,0.9308311939239502,-0.2769790291786194,0.23840293288230896,0.029474610462784767,-0.5933302640914917,-0.8044193387031555,0.36425894498825073,0.7558053731918335,-0.5441264510154724
410,1.6524393813251507e+18,-22.555540084838867,74.92295837402344,1320.402587890625,0.13204370439052582,-0.8627476096153259,0.4880891442298889,0.978284478187561,0.03406235948204994,-0.20444850623607635,0.15976198017597198,0.5044862031936646,0.8485103249549866
300,1.6524393813351224e+18,102.60469818115234,177.78509521484375,1223.150146484375,0.9308311939239502,-0.2769790291786194,0.23840293288230896,0.029474610462784767,-0.5933302640914917,-0.8044193387031555,0.36425894498825073,0.7558053731918335,-0.5441264510154724
410,1.6524393813351552e+18,-22.555540084838867,74.92295837402344,1320.402587890625,0.13204370439052582,-0.8627476096153259,0.4880891442298889,0.978284478187561,0.03406235948204994,-0.20444850623607635,0.15976198017597198,0.5044862031936646,0.8485103249549866
300,1.6524393813450493e+18,102.56840515136719,177.80401611328125,1223.178466796875,0.9309555292129517,-0.27688807249069214,0.23802262544631958,0.029314449056982994,-0.5930978655815125,-0.8045965433120728,0.3639538884162903,0.7560210824012756,-0.5440309047698975
410,1.65243938134507e+18,-22.539825439453125,74.9679183959961,1320.408203125,0.13246722519397736,-0.8624095320701599,0.4885716438293457,0.9783164262771606,0.03458283469080925,-0.2042081207036972,0.1592148393392563,0.5050285458564758,0.8482905030250549
300,1.6524393813551158e+18,102.56840515136719,177.80401611328125,1223.178466796875,0.9309555292129517,-0.27688807249069214,0.23802262544631958,0.029314449056982994,-0.5930978655815125,-0.8045965433120728,0.3639538884162903,0.7560210824012756,-0.5440309047698975
410,1.6524393813551363e+18,-22.539825439453125,74.9679183959961,1320.408203125,0.13246722519397736,-0.8624095320701599,0.4885716438293457,0.9783164262771606,0.03458283469080925,-0.2042081207036972,0.1592148393392563,0.5050285458564758,0.8482905030250549
300,1.6524393813650573e+18,102.56840515136719,177.80401611328125,1223.178466796875,0.9309555292129517,-0.27688807249069214,0.23802262544631958,0.029314449056982994,-0.5930978655815125,-0.8045965433120728,0.3639538884162903,0.7560210824012756,-0.5440309047698975
410,1.65243938136508e+18,-22.539825439453125,74.9679183959961,1320.408203125,0.13246722519397736,-0.8624095320701599,0.4885716438293457,0.9783164262771606,0.03458283469080925,-0.2042081207036972,0.1592148393392563,0.5050285458564758,0.8482905030250549
300,1.6524393813752159e+18,102.60140228271484,177.7962188720703,1223.168212890625,0.9308897852897644,-0.2769574522972107,0.23819901049137115,0.02942294254899025,-0.5930995345115662,-0.8045913577079773,0.36411330103874207,0.7559943795204163,-0.5439614057540894
410,1.6524393813752369e+18,-22.589214324951172,75.03791809082031,1320.422607421875,0.13226011395454407,-0.862371563911438,0.48869478702545166,0.9782602787017822,0.034114617854356766,-0.20455577969551086,0.1597314476966858,0.5051252841949463,0.8481358289718628
410,1.6524393813852152e+18,-22.589214324951172,75.03791809082031,1320.422607421875,0.13226011395454407,-0.862371563911438,0.48869478702545166,0.9782602787017822,0.034114617854356766,-0.20455577969551086,0.1597314476966858,0.5051252841949463,0.8481358289718628
300,1.6524393813852493e+18,102.60140228271484,177.7962188720703,1223.168212890625,0.9308897852897644,-0.2769574522972107,0.23819901049137115,0.02942294254899025,-0.5930995345115662,-0.8045913577079773,0.36411330103874207,0.7559943795204163,-0.5439614057540894
300,1.6524393813948946e+18,102.60140228271484,177.7962188720703,1223.168212890625,0.9308897852897644,-0.2769574522972107,0.23819901049137115,0.02942294254899025,-0.5930995345115662,-0.8045913577079773,0.36411330103874207,0.7559943795204163,-0.5439614057540894
410,1.6524393813949158e+18,-22.589214324951172,75.03791809082031,1320.422607421875,0.13226011395454407,-0.862371563911438,0.48869478702545166,0.9782602787017822,0.034114617854356766,-0.20455577969551086,0.1597314476966858,0.5051252841949463,0.8481358289718628
300,1.6524393814050708e+18,102.56613159179688,177.80564880371094,1223.1705322265625,0.9308851361274719,-0.27705228328704834,0.23810696601867676,0.029392123222351074,-0.5928758978843689,-0.804757297039032,0.3641277253627777,0.7561350464820862,-0.5437561869621277
410,1.6524393814050924e+18,-22.51946258544922,75.014892578125,1320.4359130859375,0.13201206922531128,-0.8628236651420593,0.4879632890224457,0.9784805178642273,0.03467331454157829,-0.2034052014350891,0.15858350694179535,0.5043145418167114,0.8488333821296692
300,1.6524393814151644e+18,102.56613159179688,177.80564880371094,1223.1705322265625,0.9308851361274719,-0.27705228328704834,0.23810696601867676,0.029392123222351074,-0.5928758978843689,-0.804757297039032,0.3641277253627777,0.7561350464820862,-0.5437561869621277
410,1.6524393814151882e+18,-22.51946258544922,75.014892578125,1320.4359130859375,0.13201206922531128,-0.8628236651420593,0.4879632890224457,0.9784805178642273,0.03467331454157829,-0.2034052014350891,0.15858350694179535,0.5043145418167114,0.8488333821296692
300,1.6524393814249334e+18,102.56613159179688,177.80564880371094,1223.1705322265625,0.9308851361274719,-0.27705228328704834,0.23810696601867676,0.029392123222351074,-0.5928758978843689,-0.804757297039032,0.3641277253627777,0.7561350464820862,-0.5437561869621277
410,1.6524393814249994e+18,-22.51946258544922,75.014892578125,1320.4359130859375,0.13201206922531128,-0.8628236651420593,0.4879632890224457,0.9784805178642273,0.03467331454157829,-0.2034052014350891,0.15858350694179535,0.5043145418167114,0.8488333821296692
300,1.652439381435884e+18,102.59548950195312,177.7994384765625,1223.1517333984375,0.9308522343635559,-0.27706968784332275,0.23821526765823364,0.029357220977544785,-0.5931202173233032,-0.8045784831047058,0.36421459913253784,0.7559369802474976,-0.5439733266830444
410,1.6524393814359068e+18,-22.52780532836914,75.0985336303711,1320.4158935546875,0.13224384188652039,-0.8629356026649475,0.48770251870155334,0.9783000349998474,0.03445510193705559,-0.2043081820011139,0.15950095653533936,0.5041379332542419,0.8487663865089417
300,1.6524393814452255e+18,102.59548950195312,177.7994384765625,1223.1517333984375,0.9308522343635559,-0.27706968784332275,0.23821526765823364,0.029357220977544785,-0.5931202173233032,-0.8045784831047058,0.36421459913253784,0.7559369802474976,-0.5439733266830444
410,1.652439381445247e+18,-22.52780532836914,75.0985336303711,1320.4158935546875,0.13224384188652039,-0.8629356026649475,0.48770251870155334,0.9783000349998474,0.03445510193705559,-0.2043081820011139,0.15950095653533936,0.5041379332542419,0.8487663865089417
300,1.6524393814550428e+18,102.59548950195312,177.7994384765625,1223.1517333984375,0.9308522343635559,-0.27706968784332275,0.23821526765823364,0.029357220977544785,-0.5931202173233032,-0.8045784831047058,0.36421459913253784,0.7559369802474976,-0.5439733266830444
410,1.6524393814550687e+18,-22.52780532836914,75.0985336303711,1320.4158935546875,0.13224384188652039,-0.8629356026649475,0.48770251870155334,0.9783000349998474,0.03445510193705559,-0.2043081820011139,0.15950095653533936,0.5041379332542419,0.8487663865089417
300,1.6524393814655322e+18,102.59548950195312,177.7994384765625,1223.1517333984375,0.9308522343635559,-0.27706968784332275,0.23821526765823364,0.029357220977544785,-0.5931202173233032,-0.8045784831047058,0.36421459913253784,0.7559369802474976,-0.5439733266830444
410,1.6524393814656317e+18,-22.52780532836914,75.0985336303711,1320.4158935546875,0.13224384188652039,-0.8629356026649475,0.48770251870155334,0.9783000349998474,0.03445510193705559,-0.2043081820011139,0.15950095653533936,0.5041379332542419,0.8487663865089417
300,1.6524393814751854e+18,102.57923889160156,177.79803466796875,1223.163818359375,0.9309095144271851,-0.27692875266075134,0.23815518617630005,0.029367825016379356,-0.5931724309921265,-0.8045396208763123,0.3640672564506531,0.7559477090835571,-0.5440570712089539
410,1.6524393814752097e+18,-22.511558532714844,75.06439208984375,1320.4434814453125,0.1315755844116211,-0.8628138303756714,0.48809853196144104,0.9784975647926331,0.03414537385106087,-0.20341238379478455,0.15884071588516235,0.5043672919273376,0.8487539291381836
300,1.65243938148516e+18,102.57923889160156,177.79803466796875,1223.163818359375,0.9309095144271851,-0.27692875266075134,0.23815518617630005,0.029367825016379356,-0.5931724309921265,-0.8045396208763123,0.3640672564506531,0.7559477090835571,-0.5440570712089539
410,1.6524393814851904e+18,-22.511558532714844,75.06439208984375,1320.4434814453125,0.1315755844116211,-0.8628138303756714,0.48809853196144104,0.9784975647926331,0.03414537385106087,-0.20341238379478455,0.15884071588516235,0.5043672919273376,0.8487539291381836
300,1.6524393814956076e+18,102.59637451171875,177.79298400878906,1223.16162109375,0.9308229684829712,-0.27709823846817017,0.23829641938209534,0.029468107968568802,-0.5929988622665405,-0.804663896560669,0.36428043246269226,0.7560217976570129,-0.5438113808631897
410,1.6524393814956298e+18,-22.536428451538086,75.17575073242188,1320.4539794921875,0.13226419687271118,-0.8630876541137695,0.48742780089378357,0.9782684445381165,0.034445956349372864,-0.20446106791496277,0.1596779078245163,0.503878116607666,0.8488873839378357
300,1.6524393815050437e+18,102.59637451171875,177.79298400878906,1223.16162109375,0.9308229684829712,-0.27709823846817017,0.23829641938209534,0.029468107968568802,-0.5929988622665405,-0.804663896560669,0.36428043246269226,0.7560217976570129,-0.5438113808631897
410,1.6524393815050647e+18,-22.536428451538086,75.17575073242188,1320.4539794921875,0.13226419687271118,-0.8630876541137695,0.48742780089378357,0.9782684445381165,0.034445956349372864,-0.20446106791496277,0.1596779078245163,0.503878116607666,0.8488873839378357
300,1.6524393815150692e+18,102.59637451171875,177.79298400878906,1223.16162109375,0.9308229684829712,-0.27709823846817017,0.23829641938209534,0.029468107968568802,-0.5929988622665405,-0.804663896560669,0.36428043246269226,0.7560217976570129,-0.5438113808631897
410,1.6524393815150897e+18,-22.536428451538086,75.17575073242188,1320.4539794921875,0.13226419687271118,-0.8630876541137695,0.48742780089378357,0.9782684445381165,0.034445956349372864,-0.20446106791496277,0.1596779078245163,0.503878116607666,0.8488873839378357
300,1.652439381525702e+18,102.5749282836914,177.80340576171875,1223.1517333984375,0.9308132529258728,-0.27705931663513184,0.23837947845458984,0.029435420408844948,-0.5932658910751343,-0.8044682145118713,0.36430782079696655,0.7558265328407288,-0.5440644025802612
410,1.6524393815257242e+18,-22.49169921875,75.1361312866211,1320.4683837890625,0.13171742856502533,-0.8630244135856628,0.48768776655197144,0.9785389304161072,0.03455236181616783,-0.20314453542232513,0.15846793353557587,0.5039791464805603,0.8490541577339172
300,1.6524393815351232e+18,102.5749282836914,177.80340576171875,1223.1517333984375,0.9308132529258728,-0.27705931663513184,0.23837947845458984,0.029435420408844948,-0.5932658910751343,-0.8044682145118713,0.36430782079696655,0.7558265328407288,-0.5440644025802612
410,1.6524393815351434e+18,-22.49169921875,75.1361312866211,1320.4683837890625,0.13171742856502533,-0.8630244135856628,0.48768776655197144,0.9785389304161072,0.03455236181616783,-0.20314453542232513,0.15846793353557587,0.5039791464805603,0.8490541577339172
300,1.6524393815449142e+18,102.5749282836914,177.80340576171875,1223.1517333984375,0.9308132529258728,-0.27705931663513184,0.23837947845458984,0.029435420408844948,-0.5932658910751343,-0.8044682145118713,0.36430782079696655,0.7558265328407288,-0.5440644025802612
410,1.6524393815449372e+18,-22.49169921875,75.1361312866211,1320.4683837890625,0.13171742856502533,-0.8630244135856628,0.48768776655197144,0.9785389304161072,0.03455236181616783,-0.20314453542232513,0.15846793353557587,0.5039791464805603,0.8490541577339172
300,1.652439381555334e+18,102.59893798828125,177.79336547851562,1223.1512451171875,0.9308122396469116,-0.27713435888290405,0.238296240568161,0.029427608475089073,-0.5930359959602356,-0.8046380281448364,0.3643110692501068,0.7559794187545776,-0.543849766254425
410,1.652439381555422e+18,-22.51776123046875,75.21459197998047,1320.4759521484375,0.13209670782089233,-0.8629687428474426,0.4876837432384491,0.9783985614776611,0.03458593040704727,-0.20381374657154083,0.1590178906917572,0.5040721893310547,0.8488960862159729
300,1.65243938156511e+18,102.59893798828125,177.79336547851562,1223.1512451171875,0.9308122396469116,-0.27713435888290405,0.238296240568161,0.029427608475089073,-0.5930359959602356,-0.8046380281448364,0.3643110692501068,0.7559794187545776,-0.543849766254425
410,1.652439381565205e+18,-22.51776123046875,75.21459197998047,1320.4759521484375,0.13209670782089233,-0.8629687428474426,0.4876837432384491,0.9783985614776611,0.03458593040704727,-0.20381374657154083,0.1590178906917572,0.5040721893310547,0.8488960862159729
300,1.652439381574899e+18,102.59893798828125,177.79336547851562,1223.1512451171875,0.9308122396469116,-0.27713435888290405,0.238296240568161,0.029427608475089073,-0.5930359959602356,-0.8046380281448364,0.3643110692501068,0.7559794187545776,-0.543849766254425
410,1.6524393815749688e+18,-22.51776123046875,75.21459197998047,1320.4759521484375,0.13209670782089233,-0.8629687428474426,0.4876837432384491,0.9783985614776611,0.03458593040704727,-0.20381374657154083,0.1590178906917572,0.5040721893310547,0.8488960862159729
300,1.6524393815849656e+18,102.59893798828125,177.79336547851562,1223.1512451171875,0.9308122396469116,-0.27713435888290405,0.238296240568161,0.029427608475089073,-0.5930359959602356,-0.8046380281448364,0.3643110692501068,0.7559794187545776,-0.543849766254425
410,1.652439381585053e+18,-22.51776123046875,75.21459197998047,1320.4759521484375,0.13209670782089233,-0.8629687428474426,0.4876837432384491,0.9783985614776611,0.03458593040704727,-0.20381374657154083,0.1590178906917572,0.5040721893310547,0.8488960862159729
300,1.6524393815951875e+18,102.58224487304688,177.7965850830078,1223.149169921875,0.9308309555053711,-0.2770156264305115,0.23836122453212738,0.029457900673151016,-0.5932429432868958,-0.8044843673706055,0.36426085233688354,0.7558605670928955,-0.544048547744751
410,1.6524393815952092e+18,-22.504804611206055,75.20944213867188,1320.4814453125,0.13199253380298615,-0.8628650903701782,0.48789525032043457,0.978436291217804,0.0345243401825428,-0.20364297926425934,0.15887215733528137,0.5042538046836853,0.8488155007362366
300,1.6524393816049452e+18,102.58224487304688,177.7965850830078,1223.149169921875,0.9308309555053711,-0.2770156264305115,0.23836122453212738,0.029457900673151016,-0.5932429432868958,-0.8044843673706055,0.36426085233688354,0.7558605670928955,-0.544048547744751
410,1.652439381605014e+18,-22.504804611206055,75.20944213867188,1320.4814453125,0.13199253380298615,-0.8628650903701782,0.48789525032043457,0.978436291217804,0.0345243401825428,-0.20364297926425934,0.15887215733528137,0.5042538046836853,0.8488155007362366
300,1.6524393816151078e+18,102.58224487304688,177.7965850830078,1223.149169921875,0.9308309555053711,-0.2770156264305115,0.23836122453212738,0.029457900673151016,-0.5932429432868958,-0.8044843673706055,0.36426085233688354,0.7558605670928955,-0.544048547744751
410,1.6524393816151299e+18,-22.504804611206055,75.20944213867188,1320.4814453125,0.13199253380298615,-0.8628650903701782,0.48789525032043457,0.978436291217804,0.0345243401825428,-0.20364297926425934,0.15887215733528137,0.5042538046836853,0.8488155007362366
300,1.652439381625109e+18,102.5870590209961,177.80079650878906,1223.15576171875,0.9308087229728699,-0.27712658047676086,0.23831915855407715,0.029383841902017593,-0.5931779146194458,-0.8045349717140198,0.3643236756324768,0.7558709383010864,-0.5439921021461487
410,1.6524393816251313e+18,-22.535316467285156,75.2647933959961,1320.5106201171875,0.13210250437259674,-0.8626412749290466,0.4882611632347107,0.9784047603607178,0.03447655215859413,-0.2038024514913559,0.15897485613822937,0.5046398639678955,0.8485667705535889
300,1.6524393816351967e+18,102.5870590209961,177.80079650878906,1223.15576171875,0.9308087229728699,-0.27712658047676086,0.23831915855407715,0.029383841902017593,-0.5931779146194458,-0.8045349717140198,0.3643236756324768,0.7558709383010864,-0.5439921021461487
410,1.6524393816352205e+18,-22.535316467285156,75.2647933959961,1320.5106201171875,0.13210250437259674,-0.8626412749290466,0.4882611632347107,0.9784047603607178,0.03447655215859413,-0.2038024514913559,0.15897485613822937,0.5046398639678955,0.8485667705535889
300,1.6524393816449526e+18,102.5870590209961,177.80079650878906,1223.15576171875,0.9308087229728699,-0.27712658047676086,0.23831915855407715,0.029383841902017593,-0.5931779146194458,-0.8045349717140198,0.3643236756324768,0.7558709383010864,-0.5439921021461487
410,1.6524393816450235e+18,-22.535316467285156,75.2647933959961,1320.5106201171875,0.13210250437259674,-0.8626412749290466,0.4882611632347107,0.9784047603607178,0.03447655215859413,-0.2038024514913559,0.15897485613822937,0.5046398639678955,0.8485667705535889
300,1.6524393816552097e+18,102.5822982788086,177.79823303222656,1223.1502685546875,0.9307918548583984,-0.2770678997039795,0.2384531944990158,0.029502900317311287,-0.5932469964027405,-0.804479718208313,0.3643571436405182,0.7558382153511047,-0.5440151691436768
410,1.652439381655231e+18,-22.49278450012207,75.27117156982422,1320.510009765625,0.132012277841568,-0.8628193140029907,0.4879709482192993,0.9785283803939819,0.034824252128601074,-0.20314884185791016,0.15828751027584076,0.5043115615844727,0.8488904237747192
300,1.652439381664937e+18,102.5822982788086,177.79823303222656,1223.1502685546875,0.9307918548583984,-0.2770678997039795,0.2384531944990158,0.029502900317311287,-0.5932469964027405,-0.804479718208313,0.3643571436405182,0.7558382153511047,-0.5440151691436768
410,1.6524393816649987e+18,-22.49278450012207,75.27117156982422,1320.510009765625,0.132012277841568,-0.8628193140029907,0.4879709482192993,0.9785283803939819,0.034824252128601074,-0.20314884185791016,0.15828751027584076,0.5043115615844727,0.8488904237747192
300,1.6524393816750019e+18,102.5822982788086,177.79823303222656,1223.1502685546875,0.9307918548583984,-0.2770678997039795,0.2384531944990158,0.029502900317311287,-0.5932469964027405,-0.804479718208313,0.3643571436405182,0.7558382153511047,-0.5440151691436768
410,1.6524393816750646e+18,-22.49278450012207,75.27117156982422,1320.510009765625,0.132012277841568,-0.8628193140029907,0.4879709482192993,0.9785283803939819,0.034824252128601074,-0.20314884185791016,0.15828751027584076,0.5043115615844727,0.8488904237747192
300,1.652439381685191e+18,102.59599304199219,177.8029327392578,1223.147705078125,0.9307222366333008,-0.277233362197876,0.23853252828121185,0.0294816792011261,-0.5932196974754333,-0.8045005798339844,0.3645366132259369,0.7557989358901978,-0.5439494848251343
410,1.6524393816852152e+18,-22.506628036499023,75.3212890625,1320.5164794921875,0.13230735063552856,-0.8626614809036255,0.4881700277328491,0.9784044623374939,0.03475550562143326,-0.20375660061836243,0.15880636870861053,0.5045862197875977,0.8486302495002747
300,1.652439381695034e+18,102.59599304199219,177.8029327392578,1223.147705078125,0.9307222366333008,-0.277233362197876,0.23853252828121185,0.0294816792011261,-0.5932196974754333,-0.8045005798339844,0.3645366132259369,0.7557989358901978,-0.5439494848251343
410,1.6524393816951163e+18,-22.506628036499023,75.3212890625,1320.5164794921875,0.13230735063552856,-0.8626614809036255,0.4881700277328491,0.9784044623374939,0.03475550562143326,-0.20375660061836243,0.15880636870861053,0.5045862197875977,0.8486302495002747
300,1.6524393817048832e+18,102.59599304199219,177.8029327392578,1223.147705078125,0.9307222366333008,-0.277233362197876,0.23853252828121185,0.0294816792011261,-0.5932196974754333,-0.8045005798339844,0.3645366132259369,0.7557989358901978,-0.5439494848251343
410,1.6524393817049444e+18,-22.506628036499023,75.3212890625,1320.5164794921875,0.13230735063552856,-0.8626614809036255,0.4881700277328491,0.9784044623374939,0.03475550562143326,-0.20375660061836243,0.15880636870861053,0.5045862197875977,0.8486302495002747
300,1.6524393817151982e+18,102.57881164550781,177.7908477783203,1223.140625,0.930762529373169,-0.2770632207393646,0.23857301473617554,0.02949032001197338,-0.5934938788414001,-0.8042980432510376,0.36443302035331726,0.7556460499763489,-0.5442311763763428
410,1.6524393817152202e+18,-22.476594924926758,75.31411743164062,1320.53271484375,0.13165633380413055,-0.8627331256866455,0.48821941018104553,0.9785593152046204,0.03441504016518593,-0.20306964218616486,0.15839281678199768,0.5044870376586914,0.8487665057182312
300,1.652439381725159e+18,102.57881164550781,177.7908477783203,1223.140625,0.930762529373169,-0.2770632207393646,0.23857301473617554,0.02949032001197338,-0.5934938788414001,-0.8042980432510376,0.36443302035331726,0.7556460499763489,-0.5442311763763428
410,1.652439381725179e+18,-22.476594924926758,75.31411743164062,1320.53271484375,0.13165633380413055,-0.8627331256866455,0.48821941018104553,0.9785593152046204,0.03441504016518593,-0.20306964218616486,0.15839281678199768,0.5044870376586914,0.8487665057182312
300,1.6524393817351214e+18,102.57881164550781,177.7908477783203,1223.140625,0.930762529373169,-0.2770632207393646,0.23857301473617554,0.02949032001197338,-0.5934938788414001,-0.8042980432510376,0.36443302035331726,0.7556460499763489,-0.5442311763763428
410,1.6524393817351424e+18,-22.476594924926758,75.31411743164062,1320.53271484375,0.13165633380413055,-0.8627331256866455,0.48821941018104553,0.9785593152046204,0.03441504016518593,-0.20306964218616486,0.15839281678199768,0.5044870376586914,0.8487665057182312
300,1.6524393817451658e+18,102.59074401855469,177.78732299804688,1223.1600341796875,0.930770993232727,-0.2772124409675598,0.23836664855480194,0.029398873448371887,-0.5931210517883301,-0.8045763373374939,0.3644188642501831,0.7558839917182922,-0.5439101457595825
410,1.6524393817451866e+18,-22.51934814453125,75.3507080078125,1320.5609130859375,0.1322074681520462,-0.8626711368560791,0.4881799817085266,0.9783928394317627,0.034590139985084534,-0.20384064316749573,0.158961221575737,0.5045810341835022,0.8486043214797974
300,1.652439381755139e+18,102.59074401855469,177.78732299804688,1223.1600341796875,0.930770993232727,-0.2772124409675598,0.23836664855480194,0.029398873448371887,-0.5931210517883301,-0.8045763373374939,0.3644188642501831,0.7558839917182922,-0.5439101457595825
410,1.652439381755161e+18,-22.51934814453125,75.3507080078125,1320.5609130859375,0.1322074681520462,-0.8626711368560791,0.4881799817085266,0.9783928394317627,0.034590139985084534,-0.20384064316749573,0.158961221575737,0.5045810341835022,0.8486043214797974
300,1.652439381765165e+18,102.59074401855469,177.78732299804688,1223.1600341796875,0.930770993232727,-0.2772124409675598,0.23836664855480194,0.029398873448371887,-0.5931210517883301,-0.8045763373374939,0.3644188642501831,0.7558839917182922,-0.5439101457595825
410,1.6524393817651855e+18,-22.51934814453125,75.3507080078125,1320.5609130859375,0.1322074681520462,-0.8626711368560791,0.4881799817085266,0.9783928394317627,0.034590139985084534,-0.20384064316749573,0.158961221575737,0.5045810341835022,0.8486043214797974
300,1.6524393817751695e+18,102.58686828613281,177.7908477783203,1223.1478271484375,0.930824875831604,-0.27704179286956787,0.2383546531200409,0.029508162289857864,-0.5930930376052856,-0.804593026638031,0.3642723858356476,0.7559685707092285,-0.5438907146453857
410,1.6524393817751895e+18,-22.483078002929688,75.41622924804688,1320.5484619140625,0.1321064978837967,-0.8628685474395752,0.4878583550453186,0.9784377217292786,0.03468119725584984,-0.2036096453666687,0.15876883268356323,0.504237174987793,0.8488447070121765
300,1.6524393817851374e+18,102.58686828613281,177.7908477783203,1223.1478271484375,0.930824875831604,-0.27704179286956787,0.2383546531200409,0.029508162289857864,-0.5930930376052856,-0.804593026638031,0.3642723858356476,0.7559685707092285,-0.5438907146453857
410,1.6524393817851574e+18,-22.483078002929688,75.41622924804688,1320.5484619140625,0.1321064978837967,-0.8628685474395752,0.4878583550453186,0.9784377217292786,0.03468119725584984,-0.2036096453666687,0.15876883268356323,0.504237174987793,0.8488447070121765
410,1.6524393817949437e+18,-22.483078002929688,75.41622924804688,1320.5484619140625,0.1321064978837967,-0.8628685474395752,0.4878583550453186,0.9784377217292786,0.03468119725584984,-0.2036096453666687,0.15876883268356323,0.504237174987793,0.8488447070121765
300,1.6524393817949704e+18,102.58686828613281,177.7908477783203,1223.1478271484375,0.930824875831604,-0.27704179286956787,0.2383546531200409,0.029508162289857864,-0.5930930376052856,-0.804593026638031,0.3642723858356476,0.7559685707092285,-0.5438907146453857
300,1.652439381805261e+18,102.58113861083984,177.80563354492188,1223.15625,0.9308367371559143,-0.27707934379577637,0.23826463520526886,0.029351722449064255,-0.5932077765464783,-0.8045141696929932,0.3642546832561493,0.7558647990226746,-0.5440468192100525
410,1.6524393818052826e+18,-22.48505210876465,75.38007354736328,1320.5643310546875,0.1318957805633545,-0.8628413081169128,0.4879634976387024,0.9785411357879639,0.034719422459602356,-0.20310552418231964,0.1583060324192047,0.5042811036109924,0.8489050269126892
410,1.6524393818150456e+18,-22.48505210876465,75.38007354736328,1320.5643310546875,0.1318957805633545,-0.8628413081169128,0.4879634976387024,0.9785411357879639,0.034719422459602356,-0.20310552418231964,0.1583060324192047,0.5042811036109924,0.8489050269126892
300,1.6524393818150758e+18,102.58113861083984,177.80563354492188,1223.15625,0.9308367371559143,-0.27707934379577637,0.23826463520526886,0.029351722449064255,-0.5932077765464783,-0.8045141696929932,0.3642546832561493,0.7558647990226746,-0.5440468192100525
300,1.6524393818249766e+18,102.58113861083984,177.80563354492188,1223.15625,0.9308367371559143,-0.27707934379577637,0.23826463520526886,0.029351722449064255,-0.5932077765464783,-0.8045141696929932,0.3642546832561493,0.7558647990226746,-0.5440468192100525
410,1.6524393818249974e+18,-22.48505210876465,75.38007354736328,1320.5643310546875,0.1318957805633545,-0.8628413081169128,0.4879634976387024,0.9785411357879639,0.034719422459602356,-0.20310552418231964,0.1583060324192047,0.5042811036109924,0.8489050269126892
410,1.6524393818351862e+18,-22.470218658447266,75.4272232055664,1320.551025390625,0.1319614201784134,-0.8627868294715881,0.48804202675819397,0.9784393310546875,0.03445999324321747,-0.2036394327878952,0.15887950360774994,0.5043920874595642,0.8487319350242615
300,1.652439381835266e+18,102.57673645019531,177.78836059570312,1223.15380859375,0.9308530688285828,-0.27697697281837463,0.2383197396993637,0.02941223792731762,-0.5933131575584412,-0.8044342398643494,0.3642079830169678,0.75581955909729,-0.5441408753395081
300,1.6524393818449856e+18,102.57673645019531,177.78836059570312,1223.15380859375,0.9308530688285828,-0.27697697281837463,0.2383197396993637,0.02941223792731762,-0.5933131575584412,-0.8044342398643494,0.3642079830169678,0.75581955909729,-0.5441408753395081
410,1.652439381845062e+18,-22.470218658447266,75.4272232055664,1320.551025390625,0.1319614201784134,-0.8627868294715881,0.48804202675819397,0.9784393310546875,0.03445999324321747,-0.2036394327878952,0.15887950360774994,0.5043920874595642,0.8487319350242615
300,1.6524393818549207e+18,102.57673645019531,177.78836059570312,1223.15380859375,0.9308530688285828,-0.27697697281837463,0.2383197396993637,0.02941223792731762,-0.5933131575584412,-0.8044342398643494,0.3642079830169678,0.75581955909729,-0.5441408753395081
410,1.6524393818549414e+18,-22.470218658447266,75.4272232055664,1320.551025390625,0.1319614201784134,-0.8627868294715881,0.48804202675819397,0.9784393310546875,0.03445999324321747,-0.2036394327878952,0.15887950360774994,0.5043920874595642,0.8487319350242615
300,1.6524393818651507e+18,102.58306884765625,177.802001953125,1223.15771484375,0.9308381676673889,-0.2770282030105591,0.23831842839717865,0.029359010979533195,-0.593355119228363,-0.8044052124023438,0.36425039172172546,0.7557678818702698,-0.5441843271255493
410,1.6524393818652472e+18,-22.484790802001953,75.37565612792969,1320.593505859375,0.1317390501499176,-0.8628138899803162,0.4880543351173401,0.9786320924758911,0.03479044884443283,-0.20265445113182068,0.15787343680858612,0.5043231248855591,0.8489606380462646
300,1.6524393818751122e+18,102.58306884765625,177.802001953125,1223.15771484375,0.9308381676673889,-0.2770282030105591,0.23831842839717865,0.029359010979533195,-0.593355119228363,-0.8044052124023438,0.36425039172172546,0.7557678818702698,-0.5441843271255493
410,1.652439381875134e+18,-22.484790802001953,75.37565612792969,1320.593505859375,0.1317390501499176,-0.8628138899803162,0.4880543351173401,0.9786320924758911,0.03479044884443283,-0.20265445113182068,0.15787343680858612,0.5043231248855591,0.8489606380462646
300,1.6524393818849395e+18,102.58306884765625,177.802001953125,1223.15771484375,0.9308381676673889,-0.2770282030105591,0.23831842839717865,0.029359010979533195,-0.593355119228363,-0.8044052124023438,0.36425039172172546,0.7557678818702698,-0.5441843271255493
410,1.6524393818849984e+18,-22.484790802001953,75.37565612792969,1320.593505859375,0.1317390501499176,-0.8628138899803162,0.4880543351173401,0.9786320924758911,0.03479044884443283,-0.20265445113182068,0.15787343680858612,0.5043231248855591,0.8489606380462646
300,1.6524393818951178e+18,102.57402038574219,177.78627014160156,1223.1708984375,0.9308490753173828,-0.27706024050712585,0.23823852837085724,0.029440302401781082,-0.5930017232894897,-0.804662823677063,0.3642159402370453,0.7560334205627441,-0.543838381767273
410,1.6524393818952054e+18,-22.47703742980957,75.45507049560547,1320.585693359375,0.13192345201969147,-0.8627221584320068,0.4881666302680969,0.9784932732582092,0.034554291516542435,-0.20336388051509857,0.1585782766342163,0.5044962167739868,0.8487263917922974
300,1.6524393819050632e+18,102.57402038574219,177.78627014160156,1223.1708984375,0.9308490753173828,-0.27706024050712585,0.23823852837085724,0.029440302401781082,-0.5930017232894897,-0.804662823677063,0.3642159402370453,0.7560334205627441,-0.543838381767273
410,1.6524393819051459e+18,-22.47703742980957,75.45507049560547,1320.585693359375,0.13192345201969147,-0.8627221584320068,0.4881666302680969,0.9784932732582092,0.034554291516542435,-0.20336388051509857,0.1585782766342163,0.5044962167739868,0.8487263917922974
300,1.6524393819149297e+18,102.57402038574219,177.78627014160156,1223.1708984375,0.9308490753173828,-0.27706024050712585,0.23823852837085724,0.029440302401781082,-0.5930017232894897,-0.804662823677063,0.3642159402370453,0.7560334205627441,-0.543838381767273
410,1.6524393819149865e+18,-22.47703742980957,75.45507049560547,1320.585693359375,0.13192345201969147,-0.8627221584320068,0.4881666302680969,0.9784932732582092,0.034554291516542435,-0.20336388051509857,0.1585782766342163,0.5044962167739868,0.8487263917922974
300,1.6524393819250245e+18,102.58184814453125,177.79568481445312,1223.167724609375,0.9308393001556396,-0.2770926356315613,0.23823902010917664,0.029418088495731354,-0.5930069088935852,-0.8046597838401794,0.36424270272254944,0.7560175061225891,-0.543842613697052
410,1.6524393819250972e+18,-22.486881256103516,75.4021224975586,1320.60693359375,0.13186612725257874,-0.8625878095626831,0.4884195327758789,0.9785767793655396,0.03468833118677139,-0.20293906331062317,0.15811029076576233,0.5047168135643005,0.8486825823783875
300,1.6524393819350917e+18,102.58184814453125,177.79568481445312,1223.167724609375,0.9308393001556396,-0.2770926356315613,0.23823902010917664,0.029418088495731354,-0.5930069088935852,-0.8046597838401794,0.36424270272254944,0.7560175061225891,-0.543842613697052
410,1.6524393819351816e+18,-22.486881256103516,75.4021224975586,1320.60693359375,0.13186612725257874,-0.8625878095626831,0.4884195327758789,0.9785767793655396,0.03468833118677139,-0.20293906331062317,0.15811029076576233,0.5047168135643005,0.8486825823783875
410,1.6524393819449946e+18,-22.486881256103516,75.4021224975586,1320.60693359375,0.13186612725257874,-0.8625878095626831,0.4884195327758789,0.9785767793655396,0.03468833118677139,-0.20293906331062317,0.15811029076576233,0.5047168135643005,0.8486825823783875
300,1.6524393819450225e+18,102.58184814453125,177.79568481445312,1223.167724609375,0.9308393001556396,-0.2770926356315613,0.23823902010917664,0.029418088495731354,-0.5930069088935852,-0.8046597838401794,0.36424270272254944,0.7560175061225891,-0.543842613697052
300,1.652439381955312e+18,102.58067321777344,177.79551696777344,1223.156494140625,0.9308122396469116,-0.27704760432243347,0.23839706182479858,0.029431499540805817,-0.5933206677436829,-0.804427981376648,0.36431077122688293,0.7557877898216248,-0.544116199016571
410,1.6524393819554179e+18,-22.458866119384766,75.45159912109375,1320.59912109375,0.13207198679447174,-0.862671971321106,0.4882151782512665,0.9785311818122864,0.03485102951526642,-0.2031308114528656,0.15822045505046844,0.5045616626739502,0.8487542867660522
300,1.652439381965073e+18,102.58067321777344,177.79551696777344,1223.156494140625,0.9308122396469116,-0.27704760432243347,0.23839706182479858,0.029431499540805817,-0.5933206677436829,-0.804427981376648,0.36431077122688293,0.7557877898216248,-0.544116199016571
410,1.6524393819651679e+18,-22.458866119384766,75.45159912109375,1320.59912109375,0.13207198679447174,-0.862671971321106,0.4882151782512665,0.9785311818122864,0.03485102951526642,-0.2031308114528656,0.15822045505046844,0.5045616626739502,0.8487542867660522
300,1.652439381974939e+18,102.58067321777344,177.79551696777344,1223.156494140625,0.9308122396469116,-0.27704760432243347,0.23839706182479858,0.029431499540805817,-0.5933206677436829,-0.804427981376648,0.36431077122688293,0.7557877898216248,-0.544116199016571
410,1.6524393819749596e+18,-22.458866119384766,75.45159912109375,1320.59912109375,0.13207198679447174,-0.862671971321106,0.4882151782512665,0.9785311818122864,0.03485102951526642,-0.2031308114528656,0.15822045505046844,0.5045616626739502,0.8487542867660522
300,1.652439381985104e+18,102.5816421508789,177.7933349609375,1223.1473388671875,0.9307988882064819,-0.2771461606025696,0.23833464086055756,0.029439974576234818,-0.5930639505386353,-0.8046169281005859,0.36434417963027954,0.7559531331062317,-0.5438641309738159
410,1.6524393819851922e+18,-22.45883560180664,75.37797546386719,1320.620361328125,0.13139520585536957,-0.8627098202705383,0.4883308410644531,0.978705108165741,0.03452467918395996,-0.20234717428684235,0.15770743787288666,0.5045193433761597,0.8488749265670776
300,1.6524393819950774e+18,102.5816421508789,177.7933349609375,1223.1473388671875,0.9307988882064819,-0.2771461606025696,0.23833464086055756,0.029439974576234818,-0.5930639505386353,-0.8046169281005859,0.36434417963027954,0.7559531331062317,-0.5438641309738159
410,1.652439381995162e+18,-22.45883560180664,75.37797546386719,1320.620361328125,0.13139520585536957,-0.8627098202705383,0.4883308410644531,0.978705108165741,0.03452467918395996,-0.20234717428684235,0.15770743787288666,0.5045193433761597,0.8488749265670776
300,1.6524393820049244e+18,102.5816421508789,177.7933349609375,1223.1473388671875,0.9307988882064819,-0.2771461606025696,0.23833464086055756,0.029439974576234818,-0.5930639505386353,-0.8046169281005859,0.36434417963027954,0.7559531331062317,-0.5438641309738159
410,1.652439382004985e+18,-22.45883560180664,75.37797546386719,1320.620361328125,0.13139520585536957,-0.8627098202705383,0.4883308410644531,0.978705108165741,0.03452467918395996,-0.20234717428684235,0.15770743787288666,0.5045193433761597,0.8488749265670776
300,1.6524393820151347e+18,102.58094024658203,177.79257202148438,1223.16064453125,0.9308112263679504,-0.2770940661430359,0.23834708333015442,0.02944953739643097,-0.5931336879730225,-0.8045651912689209,0.36431193351745605,0.7559175491333008,-0.5439351797103882
410,1.6524393820152197e+18,-22.46771240234375,75.48115539550781,1320.6033935546875,0.13192498683929443,-0.8625385761260986,0.488490492105484,0.9785428643226624,0.034637801349163055,-0.20311103761196136,0.15827088057994843,0.5048043131828308,0.8486005663871765
300,1.6524393820251556e+18,102.58094024658203,177.79257202148438,1223.16064453125,0.9308112263679504,-0.2770940661430359,0.23834708333015442,0.02944953739643097,-0.5931336879730225,-0.8045651912689209,0.36431193351745605,0.7559175491333008,-0.5439351797103882
410,1.6524393820252416e+18,-22.46771240234375,75.48115539550781,1320.6033935546875,0.13192498683929443,-0.8625385761260986,0.488490492105484,0.9785428643226624,0.034637801349163055,-0.20311103761196136,0.15827088057994843,0.5048043131828308,0.8486005663871765
300,1.6524393820349614e+18,102.58094024658203,177.79257202148438,1223.16064453125,0.9308112263679504,-0.2770940661430359,0.23834708333015442,0.02944953739643097,-0.5931336879730225,-0.8045651912689209,0.36431193351745605,0.7559175491333008,-0.5439351797103882
410,1.6524393820350228e+18,-22.46771240234375,75.48115539550781,1320.6033935546875,0.13192498683929443,-0.8625385761260986,0.488490492105484,0.9785428643226624,0.034637801349163055,-0.20311103761196136,0.15827088057994843,0.5048043131828308,0.8486005663871765
300,1.6524393820453711e+18,102.59081268310547,177.7949676513672,1223.1317138671875,0.9307213425636292,-0.2772291600704193,0.23854102194309235,0.029471706598997116,-0.5932610630989075,-0.8044704794883728,0.36453977227211,0.7557680010795593,-0.5439903140068054
410,1.6524393820454561e+18,-22.448135375976562,75.42308807373047,1320.6024169921875,0.1317318230867386,-0.8626154661178589,0.48840683698654175,0.9786383509635925,0.03471846505999565,-0.20263665914535522,0.1578407883644104,0.504667341709137,0.8487621545791626
300,1.6524393820550633e+18,102.59081268310547,177.7949676513672,1223.1317138671875,0.9307213425636292,-0.2772291600704193,0.23854102194309235,0.029471706598997116,-0.5932610630989075,-0.8044704794883728,0.36453977227211,0.7557680010795593,-0.5439903140068054
410,1.6524393820551526e+18,-22.448135375976562,75.42308807373047,1320.6024169921875,0.1317318230867386,-0.8626154661178589,0.48840683698654175,0.9786383509635925,0.03471846505999565,-0.20263665914535522,0.1578407883644104,0.504667341709137,0.8487621545791626
410,1.652439382064894e+18,-22.448135375976562,75.42308807373047,1320.6024169921875,0.1317318230867386,-0.8626154661178589,0.48840683698654175,0.9786383509635925,0.03471846505999565,-0.20263665914535522,0.1578407883644104,0.504667341709137,0.8487621545791626
300,1.6524393820649193e+18,102.59081268310547,177.7949676513672,1223.1317138671875,0.9307213425636292,-0.2772291600704193,0.23854102194309235,0.029471706598997116,-0.5932610630989075,-0.8044704794883728,0.36453977227211,0.7557680010795593,-0.5439903140068054
300,1.6524393820750892e+18,102.57868957519531,177.796142578125,1223.1634521484375,0.9308108687400818,-0.27709850668907166,0.2383432239294052,0.02944868616759777,-0.5931227803230286,-0.8045732975006104,0.3643128573894501,0.7559244632720947,-0.5439249277114868
410,1.6524393820751616e+18,-22.40936851501465,75.47826385498047,1320.584716796875,0.1314724236726761,-0.8627622127532959,0.4882175922393799,0.9786142706871033,0.03435854613780975,-0.20281434059143066,0.15820609033107758,0.5044411420822144,0.8488285541534424
300,1.6524393820850808e+18,102.57868957519531,177.796142578125,1223.1634521484375,0.9308108687400818,-0.27709850668907166,0.2383432239294052,0.02944868616759777,-0.5931227803230286,-0.8045732975006104,0.3643128573894501,0.7559244632720947,-0.5439249277114868
410,1.6524393820851026e+18,-22.40936851501465,75.47826385498047,1320.584716796875,0.1314724236726761,-0.8627622127532959,0.4882175922393799,0.9786142706871033,0.03435854613780975,-0.20281434059143066,0.15820609033107758,0.5044411420822144,0.8488285541534424
300,1.6524393820950246e+18,102.57868957519531,177.796142578125,1223.1634521484375,0.9308108687400818,-0.27709850668907166,0.2383432239294052,0.02944868616759777,-0.5931227803230286,-0.8045732975006104,0.3643128573894501,0.7559244632720947,-0.5439249277114868
410,1.6524393820950449e+18,-22.40936851501465,75.47826385498047,1320.584716796875,0.1314724236726761,-0.8627622127532959,0.4882175922393799,0.9786142706871033,0.03435854613780975,-0.20281434059143066,0.15820609033107758,0.5044411420822144,0.8488285541534424
300,1.6524393821051041e+18,102.58552551269531,177.7935028076172,1223.152099609375,0.9308143258094788,-0.2771132290363312,0.2383127063512802,0.029420722275972366,-0.5931070446968079,-0.804585874080658,0.36430633068084717,0.7559313774108887,-0.5439196825027466
410,1.6524393821051261e+18,-22.41400718688965,75.3954849243164,1320.615966796875,0.13131393492221832,-0.8627039194107056,0.48836323618888855,0.9787319898605347,0.03450058400630951,-0.20222114026546478,0.15760815143585205,0.5045311450958252,0.8488863110542297
300,1.652439382115116e+18,102.58552551269531,177.7935028076172,1223.152099609375,0.9308143258094788,-0.2771132290363312,0.2383127063512802,0.029420722275972366,-0.5931070446968079,-0.804585874080658,0.36430633068084717,0.7559313774108887,-0.5439196825027466
410,1.6524393821151386e+18,-22.41400718688965,75.3954849243164,1320.615966796875,0.13131393492221832,-0.8627039194107056,0.48836323618888855,0.9787319898605347,0.03450058400630951,-0.20222114026546478,0.15760815143585205,0.5045311450958252,0.8488863110542297
300,1.6524393821249946e+18,102.58552551269531,177.7935028076172,1223.152099609375,0.9308143258094788,-0.2771132290363312,0.2383127063512802,0.029420722275972366,-0.5931070446968079,-0.804585874080658,0.36430633068084717,0.7559313774108887,-0.5439196825027466
410,1.6524393821250156e+18,-22.41400718688965,75.3954849243164,1320.615966796875,0.13131393492221832,-0.8627039194107056,0.48836323618888855,0.9787319898605347,0.03450058400630951,-0.20222114026546478,0.15760815143585205,0.5045311450958252,0.8488863110542297
300,1.652439382134916e+18,102.58552551269531,177.7935028076172,1223.152099609375,0.9308143258094788,-0.2771132290363312,0.2383127063512802,0.029420722275972366,-0.5931070446968079,-0.804585874080658,0.36430633068084717,0.7559313774108887,-0.5439196825027466
410,1.6524393821349402e+18,-22.41400718688965,75.3954849243164,1320.615966796875,0.13131393492221832,-0.8627039194107056,0.48836323618888855,0.9787319898605347,0.03450058400630951,-0.20222114026546478,0.15760815143585205,0.5045311450958252,0.8488863110542297
300,1.6524393821450967e+18,102.58150482177734,177.7989044189453,1223.1690673828125,0.9307634234428406,-0.2771477699279785,0.23847134411334991,0.0295427143573761,-0.5930938720703125,-0.8045911192893982,0.36442652344703674,0.7559290528297424,-0.5438423752784729
410,1.6524393821451195e+18,-22.42106056213379,75.4798812866211,1320.615234375,0.13157770037651062,-0.862607479095459,0.48846250772476196,0.9786785244941711,0.03463919088244438,-0.20245614647865295,0.15772025287151337,0.5046864748001099,0.848773181438446
300,1.6524393821549809e+18,102.58150482177734,177.7989044189453,1223.1690673828125,0.9307634234428406,-0.2771477699279785,0.23847134411334991,0.0295427143573761,-0.5930938720703125,-0.8045911192893982,0.36442652344703674,0.7559290528297424,-0.5438423752784729
410,1.6524393821550026e+18,-22.42106056213379,75.4798812866211,1320.615234375,0.13157770037651062,-0.862607479095459,0.48846250772476196,0.9786785244941711,0.03463919088244438,-0.20245614647865295,0.15772025287151337,0.5046864748001099,0.848773181438446
300,1.6524393821653548e+18,102.58100128173828,177.78173828125,1223.146484375,0.9307587146759033,-0.27716442942619324,0.2384703904390335,0.029464473947882652,-0.5932329297065735,-0.8044914603233337,0.36444491147994995,0.7558138370513916,-0.5439901947975159
410,1.6524393821653857e+18,-22.419506072998047,75.44219970703125,1320.6153564453125,0.13149188458919525,-0.8626641035079956,0.4883856475353241,0.9787086844444275,0.034645382314920425,-0.20230922102928162,0.15760459005832672,0.504589319229126,0.8488523960113525
300,1.6524393821750748e+18,102.58100128173828,177.78173828125,1223.146484375,0.9307587146759033,-0.27716442942619324,0.2384703904390335,0.029464473947882652,-0.5932329297065735,-0.8044914603233337,0.36444491147994995,0.7558138370513916,-0.5439901947975159
410,1.6524393821750963e+18,-22.419506072998047,75.44219970703125,1320.6153564453125,0.13149188458919525,-0.8626641035079956,0.4883856475353241,0.9787086844444275,0.034645382314920425,-0.20230922102928162,0.15760459005832672,0.504589319229126,0.8488523960113525
300,1.6524393821849142e+18,102.58100128173828,177.78173828125,1223.146484375,0.9307587146759033,-0.27716442942619324,0.2384703904390335,0.029464473947882652,-0.5932329297065735,-0.8044914603233337,0.36444491147994995,0.7558138370513916,-0.5439901947975159
410,1.6524393821849859e+18,-22.419506072998047,75.44219970703125,1320.6153564453125,0.13149188458919525,-0.8626641035079956,0.4883856475353241,0.9787086844444275,0.034645382314920425,-0.20230922102928162,0.15760459005832672,0.504589319229126,0.8488523960113525
300,1.6524393821948657e+18,102.58100128173828,177.78173828125,1223.146484375,0.9307587146759033,-0.27716442942619324,0.2384703904390335,0.029464473947882652,-0.5932329297065735,-0.8044914603233337,0.36444491147994995,0.7558138370513916,-0.5439901947975159
410,1.652439382194886e+18,-22.419506072998047,75.44219970703125,1320.6153564453125,0.13149188458919525,-0.8626641035079956,0.4883856475353241,0.9787086844444275,0.034645382314920425,-0.20230922102928162,0.15760459005832672,0.504589319229126,0.8488523960113525
300,1.6524393822051156e+18,102.57762908935547,177.7980194091797,1223.1829833984375,0.9308717846870422,-0.27697721123695374,0.2382463812828064,0.02948855049908161,-0.5930228233337402,-0.8046454787254333,0.36415401101112366,0.7560473084449768,-0.5438606142997742
