410,1648476151.1119936,-24.897411346435547,85.23654174804688,1278.12353515625,0.09429924190044403,0.9731684923171997,0.2098827064037323,-0.6418014764785767,0.2205905020236969,-0.7344594597816467,-0.7610509395599365,-0.06544405221939087,0.6453824639320374
300,1648476151.1119998,239.11471557617188,59.08433151245117,1528.6104736328125,0.8619706630706787,0.4998502731323242,-0.08459454029798508,-0.5066244602203369,0.8432728052139282,-0.17950665950775146,-0.018390173092484474,0.19758713245391846,0.9801127910614014
4,1648476151.142329,-17.05565071105957,143.29998779296875,1386.7445068359375,0.07770382612943649,-0.9871490597724915,0.13963818550109863,-0.6363726854324341,0.058707792311906815,0.7691444754600525,-0.7674580812454224,-0.1486273854970932,-0.6236329078674316
410,1648476151.1423373,-24.746826171875,84.27955627441406,1277.0567626953125,0.09474864602088928,0.9728026986122131,0.21137076616287231,-0.6414205431938171,0.22203409671783447,-0.7343572378158569,-0.761316180229187,-0.06599819660186768,0.6450130939483643
300,1648476151.1423426,239.11785888671875,59.08546829223633,1528.593505859375,0.8619396686553955,0.4998926520347595,-0.08466026932001114,-0.5066865086555481,0.8433226346969604,-0.17909710109233856,-0.01813340373337269,0.19726711511611938,0.9801820516586304
4,1648476151.1740851,-16.963462829589844,143.3556365966797,1386.7261962890625,0.07831250876188278,-0.9871078133583069,0.13958963751792908,-0.6360152959823608,0.0583539716899395,0.7694669365882874,-0.7676924467086792,-0.14904002845287323,-0.6232458353042603
410,1648476151.1740935,-24.464359283447266,83.60274505615234,1276.1148681640625,0.09464044868946075,0.9726845622062683,0.21196205914020538,-0.6414704918861389,0.22240690886974335,-0.7342007756233215,-0.7612875699996948,-0.06648232042789459,0.6449971795082092
300,1648476151.174099,239.11956787109375,59.08568572998047,1528.59521484375,0.8619714379310608,0.4998212456703186,-0.0847579762339592,-0.5066354870796204,0.8433486819267273,-0.17911851406097412,-0.018046708777546883,0.19733645021915436,0.9801697134971619
4,1648476151.203958,-16.831586837768555,143.4293975830078,1386.705810546875,0.07951299846172333,-0.9869539737701416,0.13999837636947632,-0.6353239417076111,0.0580480732023716,0.7700610160827637,-0.7681413888931274,-0.15017417073249817,-0.6224198937416077
410,1648476151.203966,-24.202499389648438,83.32918548583984,1275.4442138671875,0.09563855081796646,0.972760796546936,0.21116268634796143,-0.6418983340263367,0.2224052995443344,-0.7338272333145142,-0.7608020901679993,-0.06536280363798141,0.6456840634346008
300,1648476151.2039719,239.12002563476562,59.088382720947266,1528.5888671875,0.8619900345802307,0.49981456995010376,-0.08460840582847595,-0.5065888166427612,0.8432555794715881,-0.17968809604644775,-0.0184642244130373,0.1977510303258896,0.9800783395767212
4,1648476151.2339213,-16.775442123413086,143.4337158203125,1386.7103271484375,0.0798899307847023,-0.9868125319480896,0.14077867567539215,-0.6352073550224304,0.05844154581427574,0.7701274156570435,-0.7681986689567566,-0.15094907581806183,-0.6221616864204407
410,1648476151.2339296,-24.083932876586914,83.44776153564453,1275.333251953125,0.09689553081989288,0.9726548790931702,0.21107743680477142,-0.6403761506080627,0.22327427566051483,-0.7348925471305847,-0.7619249820709229,-0.06396114826202393,0.6444992423057556
300,1648476151.233935,239.1246795654297,59.07965087890625,1528.558349609375,0.8619835376739502,0.49975070357322693,-0.08505049347877502,-0.5066299438476562,0.8434208631515503,-0.1787940263748169,-0.017619077116250992,0.19720664620399475,0.9802036285400391
4,1648476151.2646317,-16.756637573242188,143.39303588867188,1386.7337646484375,0.08008160442113876,-0.9867737889289856,0.14094139635562897,-0.6352065801620483,0.05844753235578537,0.7701275944709778,-0.7681793570518494,-0.15119995176792145,-0.6221246123313904
410,1648476151.264642,-24.050121307373047,83.82536315917969,1275.69287109375,0.09633955359458923,0.9727818965911865,0.21074648201465607,-0.6393393278121948,0.22275590896606445,-0.7359517812728882,-0.7628656029701233,-0.06383725255727768,0.6433979272842407
300,1648476151.2646472,239.12586975097656,59.0817756652832,1528.564453125,0.8619885444641113,0.4998284876346588,-0.08454129099845886,-0.5066071152687073,0.8434484601020813,-0.1787286102771759,-0.018027428537607193,0.19689123332500458,0.9802595973014832
4,1648476151.2945528,-16.67194366455078,143.44862365722656,1386.7132568359375,0.0804559513926506,-0.9867923855781555,0.14059725403785706,-0.6351008415222168,0.05796314403414726,0.7702513933181763,-0.7682276964187622,-0.1512647420167923,-0.6220492124557495
410,1648476151.2945614,-23.846731185913086,84.35409545898438,1275.9439697265625,0.09623679518699646,0.9732239246368408,0.20874296128749847,-0.6397027969360352,0.22114458680152893,-0.7361218929290771,-0.7625738382339478,-0.06269144266843796,0.6438563466072083
300,1648476151.2945664,239.1275177001953,59.08551788330078,1528.5745849609375,0.8619770407676697,0.49991294741630554,-0.08415862917900085,-0.5066102147102356,0.843397319316864,-0.17896108329296112,-0.018485799431800842,0.19689595699310303,0.9802501201629639
4,1648476151.3261566,-16.686580657958984,143.4662628173828,1386.687255859375,0.08048324286937714,-0.9869177341461182,0.13969920575618744,-0.6351930499076843,0.05722683295607567,0.7702304124832153,-0.7681485414505005,-0.15072660148143768,-0.6222774982452393
410,1648476151.3261647,-23.977994918823242,84.89934539794922,1276.5062255859375,0.09657318890094757,0.9729776978492737,0.20973315834999084,-0.6381958723068237,0.22223247587680817,-0.7371015548706055,-0.7637929320335388,-0.06266658753156662,0.6424120664596558
300,1648476151.3261702,239.13436889648438,59.084041595458984,1528.5859375,0.8619646430015564,0.49994510412216187,-0.08409416675567627,-0.5066167712211609,0.8432570099830627,-0.17960254848003387,-0.018878422677516937,0.1974145621061325,0.9801383018493652
4,1648476151.3576531,-16.667495727539062,143.45440673828125,1386.712646484375,0.08084004372358322,-0.9868335723876953,0.14008697867393494,-0.6349045038223267,0.0573606975376606,0.7704582810401917,-0.7683495879173279,-0.1512257307767868,-0.6219080686569214
410,1648476151.357662,-24.00284767150879,85.36894989013672,1276.953369140625,0.09550684690475464,0.9730908870697021,0.20969630777835846,-0.6386438608169556,0.22148801386356354,-0.7369376420974731,-0.7635525465011597,-0.06353866308927536,0.642612099647522
300,1648476151.3576674,239.13543701171875,59.08078384399414,1528.5985107421875,0.8619629144668579,0.49995243549346924,-0.08406868577003479,-0.5066207051277161,0.843274712562561,-0.17950832843780518,-0.018852634355425835,0.19732046127319336,0.980157732963562
4,1648476151.3863502,-16.714080810546875,143.4325408935547,1386.7125244140625,0.08073656260967255,-0.9868478775024414,0.1400458961725235,-0.6355289220809937,0.05727115273475647,0.7699499726295471,-0.7678440809249878,-0.15116633474826813,-0.6225465536117554
410,1648476151.3863587,-24.03105354309082,85.62588500976562,1277.399658203125,0.09642686694860458,0.9730669260025024,0.20938640832901,-0.6376392245292664,0.22192206978797913,-0.7376766204833984,-0.7642762064933777,-0.062381140887737274,0.6418648958206177
300,1648476151.3863645,239.1260528564453,59.082069396972656,1528.59130859375,0.8619760274887085,0.4999002516269684,-0.08424393087625504,-0.5066112279891968,0.8433594703674316,-0.17913642525672913,-0.018502427265048027,0.1970902383327484,0.9802107214927673
4,1648476151.416056,-16.71544647216797,143.4462127685547,1386.696533203125,0.08083424717187881,-0.9869440793991089,0.139309823513031,-0.6355597972869873,0.056629013270139694,0.769972026348114,-0.7678083181381226,-0.1507798284292221,-0.6226844191551208
410,1648476151.4160643,-24.087505340576172,85.76396179199219,1277.4454345703125,0.09578846395015717,0.9731220602989197,0.20942313969135284,-0.638605535030365,0.22146379947662354,-0.7369781732559204,-0.7635493278503418,-0.06314476579427719,0.6426547765731812
300,1648476151.4160714,239.12261962890625,59.087039947509766,1528.5887451171875,0.8619623184204102,0.49988704919815063,-0.08446264266967773,-0.5066383481025696,0.8433087468147278,-0.17929846048355103,-0.0184008926153183,0.19734051823616028,0.9801623225212097
4,1648476151.4499576,-16.805734634399414,143.4122772216797,1386.6915283203125,0.08042426407337189,-0.9871837496757507,0.13784094154834747,-0.6356242299079895,0.05573001503944397,0.7699844241142273,-0.7677980065345764,-0.1495404690504074,-0.6229958534240723
410,1648476151.4499648,-24.21151351928711,85.77091979980469,1277.591552734375,0.09473631531000137,0.9730846285820007,0.2100745290517807,-0.6381958723068237,0.22132112085819244,-0.7373757362365723,-0.764022946357727,-0.06421243399381638,0.6419857740402222
300,1648476151.4499698,239.126708984375,59.08498001098633,1528.61474609375,0.861965537071228,0.4998002350330353,-0.08494210243225098,-0.5066297650337219,0.843105673789978,-0.1802750527858734,-0.018486345186829567,0.1984250694513321,0.979941725730896
4,1648476151.478422,-16.754812240600586,143.44554138183594,1386.692138671875,0.08069949597120285,-0.9870898127555847,0.13835187256336212,-0.6352343559265137,0.05603054165840149,0.7702842950820923,-0.7680917382240295,-0.1500474214553833,-0.6225117444992065
410,1648476151.4784312,-24.17538833618164,85.70722961425781,1277.4755859375,0.0962599366903305,0.9731774926185608,0.2089487761259079,-0.6384829878807068,0.22141516208648682,-0.7370988726615906,-0.7635924816131592,-0.06245715543627739,0.6426706910133362
300,1648476151.478437,239.12660217285156,59.084320068359375,1528.6016845703125,0.8619374632835388,0.4998435378074646,-0.08497190475463867,-0.506685197353363,0.843154788017273,-0.1798889935016632,-0.018271883949637413,0.19810707867145538,0.9800100922584534
4,1648476151.508325,-16.783832550048828,143.42739868164062,1386.6917724609375,0.08080627024173737,-0.9870168566703796,0.1388094425201416,-0.6356270909309387,0.0562431663274765,0.7699447870254517,-0.7677555680274963,-0.15044739842414856,-0.6228298544883728
410,1648476151.5083327,-24.15587043762207,85.61414337158203,1277.43701171875,0.09594147652387619,0.9732710123062134,0.2086595892906189,-0.6390666365623474,0.22094526886940002,-0.7367340326309204,-0.7631441950798035,-0.06266402453184128,0.6431828141212463
300,1648476151.5083385,239.1169891357422,59.08799743652344,1528.6029052734375,0.8619531989097595,0.4998292922973633,-0.08489632606506348,-0.5066627860069275,0.8432421684265137,-0.1795421987771988,-0.018152283504605293,0.19777077436447144,0.9800801873207092
4,1648476151.5386546,-16.791563034057617,143.40525817871094,1386.7049560546875,0.08119992911815643,-0.9869858622550964,0.13880020380020142,-0.6352902054786682,0.056052956730127335,0.7702365517616272,-0.7679927945137024,-0.15072156488895416,-0.6224709749221802
410,1648476151.538663,-24.135948181152344,85.5653076171875,1277.5078125,0.09629308432340622,0.9732534289360046,0.20857954025268555,-0.6384522318840027,0.22115911543369293,-0.7372024059295654,-0.7636139988899231,-0.06218058243393898,0.6426719427108765
300,1648476151.5386686,239.11325073242188,59.09093475341797,1528.621337890625,0.8619277477264404,0.4999297559261322,-0.08456247299909592,-0.5066965222358704,0.8432371020317078,-0.17947082221508026,-0.018416589125990868,0.19753839075565338,0.9801221489906311
4,1648476151.5685308,-16.640974044799805,143.44236755371094,1386.7210693359375,0.08150092512369156,-0.9866313934326172,0.1411241888999939,-0.6349784135818481,0.057738278061151505,0.7703692317008972,-0.7682187557220459,-0.15239660441875458,-0.6217839121818542
410,1648476151.5685384,-23.966190338134766,85.59430694580078,1277.3951416015625,0.09455268830060959,0.973762035369873,0.20699596405029297,-0.6402386426925659,0.21870340406894684,-0.7363852858543396,-0.7623347640037537,-0.06289960443973541,0.6441190838813782
300,1648476151.5685434,239.1182098388672,59.08705520629883,1528.61181640625,0.8619437217712402,0.49985241889953613,-0.08485601842403412,-0.5066755414009094,0.843212366104126,-0.17964649200439453,-0.018245087936520576,0.1978396326303482,0.9800645709037781
4,1648476151.5988789,-16.616649627685547,143.4155731201172,1386.74560546875,0.08116721361875534,-0.9865117073059082,0.14214979112148285,-0.6352787017822266,0.05869022756814957,0.7700496315956116,-0.7680057883262634,-0.15280751883983612,-0.6219461560249329
410,1648476151.5988872,-23.95224380493164,85.70511627197266,1277.588623046875,0.09402676671743393,0.9737529754638672,0.20727773010730743,-0.6403641104698181,0.2185700535774231,-0.7363157868385315,-0.7622944116592407,-0.063499815762043,0.6441078782081604
300,1648476151.5988975,239.12071228027344,59.090736389160156,1528.606201171875,0.861971378326416,0.4997832775115967,-0.08498252183198929,-0.5066378116607666,0.8432918787002563,-0.17937925457954407,-0.01798567920923233,0.19767513871192932,0.9801025986671448
4,1648476151.6307323,-16.57282066345215,143.3780975341797,1386.76708984375,0.08128337562084198,-0.986347496509552,0.1432187706232071,-0.6356962323188782,0.05936774984002113,0.7696530222892761,-0.767647922039032,-0.15360362827777863,-0.6221917271614075
410,1648476151.630741,-23.94170570373535,85.81407165527344,1277.9254150390625,0.0954950600862503,0.973745584487915,0.20664037764072418,-0.6396709084510803,0.21908286213874817,-0.7367658019065857,-0.7626938223838806,-0.06182434782385826,0.6437980532646179
300,1648476151.6307473,239.1181640625,59.08924865722656,1528.6046142578125,0.8619802594184875,0.49980825185775757,-0.08474548161029816,-0.5066092610359192,0.8432378172874451,-0.17971397936344147,-0.018361931666731834,0.19784274697303772,0.9800617694854736
4,1648476151.6604757,-16.43893814086914,143.38720703125,1386.8182373046875,0.0824006199836731,-0.9859329462051392,0.14541776478290558,-0.6350633502006531,0.060505807399749756,0.7700867056846619,-0.7680525183677673,-0.15580511093139648,-0.62114417552948
410,1648476151.6604838,-23.88955307006836,85.8816909790039,1278.0264892578125,0.09522194415330887,0.9741644859313965,0.20478349924087524,-0.6411617994308472,0.2173839509487152,-0.7359727025032043,-0.761475145816803,-0.06121859699487686,0.6452967524528503
300,1648476151.6604893,239.11656188964844,59.0848388671875,1528.6104736328125,0.8619734644889832,0.4998124837875366,-0.0847892314195633,-0.5066258907318115,0.8432716131210327,-0.17950832843780518,-0.018220150843262672,0.19768783450126648,0.9800956845283508
4,1648476151.6907358,-16.470062255859375,143.36314392089844,1386.837646484375,0.08241766691207886,-0.9858759641647339,0.1457940936088562,-0.6357927322387695,0.06064070761203766,0.7694740295410156,-0.7674469947814941,-0.15611308813095093,-0.6218149065971375
410,1648476151.6907434,-24.06593132019043,85.9830322265625,1278.2752685546875,0.0935387909412384,0.9743115305900574,0.20485979318618774,-0.6410976648330688,0.21636958420276642,-0.7363273501396179,-0.7617376446723938,-0.06245997175574303,0.6448677778244019
300,1648476151.6907487,239.1206817626953,59.08589553833008,1528.6314697265625,0.8619557619094849,0.4998233914375305,-0.08490483462810516,-0.5066501498222351,0.8431515097618103,-0.18000324070453644,-0.018382184207439423,0.19817186892032623,0.9799948930740356
4,1648476151.721955,-16.589920043945312,143.3160400390625,1386.84033203125,0.08131049573421478,-0.9861804842948914,0.14434897899627686,-0.6365601420402527,0.06005871668457985,0.7688849568367004,-0.7669287919998169,-0.15440522134304047,-0.6228798031806946
410,1648476151.7219627,-24.35918426513672,86.09190368652344,1278.6334228515625,0.09181360900402069,0.9742249250411987,0.2060486227273941,-0.6403762698173523,0.21622571349143982,-0.7369970679283142,-0.7625539302825928,-0.06428229063749313,0.6437230110168457
300,1648476151.721968,239.12008666992188,59.08880615234375,1528.6279296875,0.8619625568389893,0.499906063079834,-0.0843474492430687,-0.5066220760345459,0.8431823253631592,-0.17993788421154022,-0.018831767141819,0.19783200323581696,0.980055034160614
4,1648476151.752307,-16.49118995666504,143.32769775390625,1386.881591796875,0.0813121348619461,-0.9859254956245422,0.14607977867126465,-0.6363059282302856,0.06145874783396721,0.7689847946166992,-0.7671395540237427,-0.15547922253608704,-0.6223528385162354
410,1648476151.752316,-24.501516342163086,86.12153625488281,1278.7818603515625,0.09072227030992508,0.9744518995285034,0.2054578810930252,-0.6413943767547607,0.214995339512825,-0.7364714741706848,-0.7618285417556763,-0.06496516615152359,0.6445128321647644
300,1648476151.7523208,239.1123809814453,59.08564376831055,1528.627685546875,0.8619766235351562,0.4998840093612671,-0.08433456718921661,-0.5066042542457581,0.8432629704475403,-0.17960989475250244,-0.018667900934815407,0.19754377007484436,0.9801163077354431
4,1648476151.7823386,-16.557491302490234,143.25946044921875,1386.936279296875,0.08040490746498108,-0.9859148263931274,0.14665262401103973,-0.63642418384552,0.06245557591319084,0.7688065767288208,-0.7671371102333069,-0.15514910221099854,-0.6224383115768433
410,1648476151.7823465,-24.656675338745117,86.08932495117188,1278.91259765625,0.08850719779729843,0.9747108221054077,0.20519563555717468,-0.6423654556274414,0.21329647302627563,-0.7361190319061279,-0.7612707018852234,-0.06665875017642975,0.6449988484382629
300,1648476151.7823522,239.1088104248047,59.081722259521484,1528.6256103515625,0.8619701862335205,0.4998517632484436,-0.08459106832742691,-0.5066185593605042,0.8432008624076843,-0.17986080050468445,-0.018576480448246002,0.19789005815982819,0.9800481796264648
4,1648476151.8119292,-16.753835678100586,143.2061004638672,1386.9619140625,0.07887963950634003,-0.9864435195922852,0.14389996230602264,-0.6371512413024902,0.061130341142416,0.7683107256889343,-0.7666918039321899,-0.15229012072086334,-0.623691737651825
410,1648476151.8119411,-24.9716739654541,86.13365936279297,1279.1900634765625,0.08771618455648422,0.974807858467102,0.20507436990737915,-0.6416518092155457,0.21276161074638367,-0.7368958592414856,-0.7619637846946716,-0.06694864481687546,0.6441498398780823
300,1648476151.8119469,239.11383056640625,59.08768844604492,1528.6170654296875,0.8619444966316223,0.49996060132980347,-0.08420836925506592,-0.5066575407981873,0.8432673811912537,-0.17943881452083588,-0.01870216801762581,0.19733110070228577,0.9801585078239441
4,1648476151.8428636,-16.8098087310791,143.20790100097656,1386.9246826171875,0.07904519140720367,-0.9863086938858032,0.1447308212518692,-0.6374692320823669,0.06160915270447731,0.7680086493492126,-0.7664103507995605,-0.15296883881092072,-0.6238715648651123
410,1648476151.842872,-25.21172332763672,86.20510864257812,1279.335693359375,0.08674672991037369,0.9749716520309448,0.2047078013420105,-0.6413189172744751,0.2118944376707077,-0.7374352812767029,-0.7623549699783325,-0.06731288135051727,0.6436489224433899
300,1648476151.8428771,239.116455078125,59.08565139770508,1528.6046142578125,0.8619536757469177,0.4999144971370697,-0.08438804000616074,-0.5066467523574829,0.8432616591453552,-0.17949610948562622,-0.018571509048342705,0.19747225940227509,0.980132520198822
4,1648476151.8743534,-16.714975357055664,143.2183380126953,1386.8651123046875,0.08138260990381241,-0.9858184456825256,0.14676141738891602,-0.6366255283355713,0.06188081577420235,0.7686863541603088,-0.7668668627738953,-0.15598976612091064,-0.6225611567497253
410,1648476151.8743622,-25.297666549682617,86.28040313720703,1279.3863525390625,0.08586159348487854,0.9750167727470398,0.20486590266227722,-0.6427335143089294,0.21132215857505798,-0.7363671660423279,-0.7612630128860474,-0.0684485211968422,0.6448204517364502
300,1648476151.8743677,239.11355590820312,59.08128356933594,1528.598876953125,0.8619701266288757,0.49992597103118896,-0.0841519832611084,-0.5066066384315491,0.8432320356369019,-0.17974825203418732,-0.018901167437434196,0.1975695788860321,0.9801066517829895
4,1648476151.9043052,-16.76729965209961,143.1304931640625,1386.7908935546875,0.08026992529630661,-0.986210286617279,0.14472724497318268,-0.6375148296356201,0.060820821672677994,0.7680336236953735,-0.7662451267242432,-0.15391576290130615,-0.6238415837287903
410,1648476151.9043133,-25.350078582763672,86.42247009277344,1279.656982421875,0.08372104167938232,0.9748672842979431,0.20645713806152344,-0.6432415843009949,0.21110789477825165,-0.7359848618507385,-0.7610722780227661,-0.07118439674377441,0.6447493433952332
300,1648476151.9043186,239.11485290527344,59.08186721801758,1528.59423828125,0.861956775188446,0.49989011883735657,-0.08450092375278473,-0.506644070148468,0.8432508111000061,-0.17955456674098969,-0.01850208081305027,0.19758015871047974,0.9801121354103088
4,1648476151.934012,-16.850366592407227,143.09947204589844,1386.76611328125,0.08008642494678497,-0.986458420753479,0.14312918484210968,-0.6380612850189209,0.05958374962210655,0.7676767110824585,-0.7658093571662903,-0.15280567109584808,-0.6246491074562073
410,1648476151.93402,-25.4569091796875,86.69876861572266,1280.1070556640625,0.08402373641729355,0.9747802019119263,0.20674513280391693,-0.6429411172866821,0.21154698729515076,-0.7361212968826294,-0.7612928152084351,-0.07107327878475189,0.644501268863678
300,1648476151.9340255,239.1192626953125,59.083580017089844,1528.5958251953125,0.861967921257019,0.4998752474784851,-0.08447521179914474,-0.506623387336731,0.8432514071464539,-0.17961013317108154,-0.018548818305134773,0.19761529564857483,0.9801041483879089
4,1648476151.9640062,-16.776525497436523,143.07666015625,1386.7694091796875,0.07919154316186905,-0.9865729808807373,0.1428372859954834,-0.6386967897415161,0.05979849398136139,0.7671313881874084,-0.7653725147247314,-0.15198002755641937,-0.6253854632377625
410,1648476151.964014,-25.450233459472656,87.03009033203125,1280.5679931640625,0.08456863462924957,0.9747900366783142,0.20647643506526947,-0.6418179869651794,0.21179620921611786,-0.7370291948318481,-0.7621796131134033,-0.07019074261188507,0.6435490846633911
300,1648476151.964019,239.11831665039062,59.086116790771484,1528.5986328125,0.8619674444198608,0.499906450510025,-0.0842953696846962,-0.5066171884536743,0.8432413935661316,-0.1796746701002121,-0.018739178776741028,0.19757919013500214,0.9801077842712402
4,1648476151.9943376,-16.627897262573242,143.16236877441406,1386.84423828125,0.07913068681955338,-0.986197292804718,0.14544154703617096,-0.6369260549545288,0.062217142432928085,0.7684102058410645,-0.7668530344963074,-0.15344034135341644,-0.6232114434242249
410,1648476151.9943457,-25.376588821411133,87.47763061523438,1280.8966064453125,0.08535190671682358,0.9748180508613586,0.2060212641954422,-0.6427229046821594,0.21186970174312592,-0.736219048500061,-0.7613293528556824,-0.06957688927650452,0.6446213722229004
300,1648476151.994351,239.11203002929688,59.08368682861328,1528.617431640625,0.8619764447212219,0.49993735551834106,-0.08401905000209808,-0.5065943598747253,0.8432703018188477,-0.17960312962532043,-0.01893954537808895,0.1973772495985031,0.9801446199417114
4,1648476152.0260742,-16.703201293945312,143.10227966308594,1386.859619140625,0.0790942832827568,-0.9862311482429504,0.14523157477378845,-0.6381157636642456,0.06183855980634689,0.767453134059906,-0.7658670544624329,-0.15337571501731873,-0.6244385838508606
410,1648476152.0260818,-25.4040584564209,88.0299072265625,1281.4788818359375,0.08576691895723343,0.9747346043586731,0.20624379813671112,-0.6422134637832642,0.2123495489358902,-0.736525297164917,-0.7617124915122986,-0.06928304582834244,0.6442002654075623
300,1648476152.0260909,239.10812377929688,59.08489990234375,1528.6856689453125,0.8620051741600037,0.5001036524772644,-0.08272486925125122,-0.5065088868141174,0.8433882594108582,-0.17929017543792725,-0.01989448070526123,0.19644993543624878,0.9803119897842407
4,1648476152.0566921,-16.74803924560547,143.04693603515625,1386.8656005859375,0.07944610714912415,-0.9862762689590454,0.14473240077495575,-0.6384750008583069,0.06115494295954704,0.7672091126441956,-0.7655311822891235,-0.1533598005771637,-0.6248542070388794
410,1648476152.0567007,-25.354867935180664,88.51336669921875,1282.1151123046875,0.08696010708808899,0.9747482538223267,0.20567889511585236,-0.6410543918609619,0.2127886563539505,-0.7374077439308167,-0.7625530362129211,-0.06772630661725998,0.6433708071708679
300,1648476152.0567062,239.11236572265625,59.08244323730469,1528.62060546875,0.8619662523269653,0.49984338879585266,-0.08468017727136612,-0.5066447854042053,0.8433771133422852,-0.17895841598510742,-0.01803385652601719,0.19715888798236847,0.9802056550979614
4,1648476152.086484,-16.587722778320312,143.0914764404297,1386.8768310546875,0.07978091388940811,-0.9859650731086731,0.14665579795837402,-0.6377964019775391,0.06257587671279907,0.7676587700843811,-0.7660618424415588,-0.1547810584306717,-0.6238526105880737
410,1648476152.0864923,-25.198863983154297,88.9591064453125,1282.5716552734375,0.08781515806913376,0.9748567342758179,0.20479965209960938,-0.640468418598175,0.21272045373916626,-0.7379364371299744,-0.7629473805427551,-0.06636570394039154,0.6430450081825256
300,1648476152.0864975,239.11764526367188,59.08462142944336,1528.5179443359375,0.8619339466094971,0.49962231516838074,-0.08629821240901947,-0.506741464138031,0.843242883682251,-0.17931672930717468,-0.016820281744003296,0.19829006493091583,0.9799990653991699
4,1648476152.1163328,-16.467321395874023,143.13916015625,1386.8731689453125,0.0792393833398819,-0.9857291579246521,0.14852306246757507,-0.6374953389167786,0.06443412601947784,0.7677550911903381,-0.766368567943573,-0.15551920235157013,-0.6232920289039612
410,1648476152.1163404,-25.091489791870117,89.3816146850586,1282.877685546875,0.08834773302078247,0.9748795628547668,0.20446166396141052,-0.6409762501716614,0.21276061236858368,-0.73748379945755,-0.7624592781066895,-0.0659000501036644,0.6436715722084045
300,1648476152.1163461,239.11917114257812,59.08552932739258,1528.5303955078125,0.8619341850280762,0.4999263286590576,-0.08451732248067856,-0.5066871047019958,0.8432743549346924,-0.17932239174842834,-0.01837669126689434,0.1973879337310791,0.9801532030105591
4,1648476152.1495261,-16.492839813232422,143.11700439453125,1386.9244384765625,0.08046990633010864,-0.9855502247810364,0.14904797077178955,-0.6369774341583252,0.06416941434144974,0.7682070136070251,-0.7666709423065186,-0.15675774216651917,-0.622609555721283
410,1648476152.149534,-25.10834503173828,89.82697296142578,1283.3570556640625,0.08935417234897614,0.9747633934020996,0.20457810163497925,-0.6410306692123413,0.21348686516284943,-0.7372266054153442,-0.762296199798584,-0.06526656448841095,0.6439291834831238
300,1648476152.1495388,239.1149139404297,59.08320236206055,1528.56494140625,0.8619531393051147,0.4999679625034332,-0.08407637476921082,-0.5066371560096741,0.8432616591453552,-0.1795233190059662,-0.018857529386878014,0.19733689725399017,0.9801543354988098
4,1648476152.1788685,-16.586017608642578,143.03787231445312,1386.9498291015625,0.08035138249397278,-0.9857012033462524,0.14811089634895325,-0.6392669081687927,0.0630471333861351,0.7663960456848145,-0.7647754549980164,-0.15626338124275208,-0.6250602006912231
410,1648476152.1788774,-25.102920532226562,90.23929595947266,1283.9371337890625,0.08981967717409134,0.9747481942176819,0.2044464647769928,-0.6398773193359375,0.21378254890441895,-0.7381423115730286,-0.7632099390029907,-0.0645209550857544,0.6429211497306824
300,1648476152.178883,239.11387634277344,59.080909729003906,1528.5811767578125,0.861930251121521,0.5000276565551758,-0.08395595848560333,-0.5066664218902588,0.8431847095489502,-0.17980176210403442,-0.019115466624498367,0.19751425087451935,0.9801136255264282
4,1648476152.2080727,-16.5152645111084,143.09259033203125,1386.995849609375,0.08095497637987137,-0.9854493737220764,0.14945165812969208,-0.6381864547729492,0.06392858177423477,0.767223060131073,-0.7656136751174927,-0.15748853981494904,-0.6237251162528992
410,1648476152.2080805,-25.063825607299805,90.63585662841797,1284.4049072265625,0.09111325442790985,0.9749358296394348,0.20297406613826752,-0.639599084854126,0.21351587772369385,-0.7384605407714844,-0.7632898688316345,-0.06253848224878311,0.6430221796035767
300,1648476152.2080863,239.11083984375,59.08741760253906,1528.578125,0.8619495630264282,0.49987736344337463,-0.08464983850717545,-0.5066542625427246,0.8431691527366638,-0.17990878224372864,-0.018558189272880554,0.1979604959487915,0.9800342917442322
4,1648476152.238156,-16.409957885742188,143.18991088867188,1387.0086669921875,0.07931473851203918,-0.9853680729866028,0.15086045861244202,-0.6367800831794739,0.06635358929634094,0.7681850790977478,-0.7669552564620972,-0.1569933295249939,-0.6221999526023865
410,1648476152.2381642,-24.935562133789062,91.00969696044922,1284.7681884765625,0.08970091491937637,0.9752605557441711,0.2020411491394043,-0.6398749947547913,0.21188530325889587,-0.7386911511421204,-0.7632258534431458,-0.06301981210708618,0.6430511474609375
300,1648476152.2381697,239.1090087890625,59.09203338623047,1528.582275390625,0.8619478940963745,0.4999707341194153,-0.08411362022161484,-0.5066530108451843,0.8433166146278381,-0.17921999096870422,-0.01867033913731575,0.19709470868110657,0.9802066683769226
4,1648476152.2679183,-16.388395309448242,143.19265747070312,1386.9700927734375,0.08025830239057541,-0.9854376316070557,0.149904265999794,-0.6364208459854126,0.06508482992649078,0.7685912251472473,-0.7671551704406738,-0.1570880264043808,-0.6219294667243958
410,1648476152.2679262,-24.924440383911133,91.19114685058594,1284.95361328125,0.09022744745016098,0.9753504395484924,0.20137159526348114,-0.6399208307266235,0.21171049773693085,-0.738701581954956,-0.7631253600120544,-0.062210723757743835,0.6432491540908813
300,1648476152.2679315,239.10755920410156,59.08342742919922,1528.612548828125,0.8619605898857117,0.49999138712882996,-0.0838606134057045,-0.506615161895752,0.8432484865188599,-0.17964696884155273,-0.019106600433588028,0.1973336637020111,0.9801501631736755
4,1648476152.2986321,-16.48466682434082,143.1785888671875,1386.9945068359375,0.07988081127405167,-0.9856396317481995,0.14877358078956604,-0.6369814276695251,0.06432762742042542,0.7681905031204224,-0.7667292356491089,-0.15612968802452087,-0.6226956248283386
410,1648476152.298641,-25.15939712524414,91.23548126220703,1284.948486328125,0.08927302807569504,0.975135326385498,0.2028333842754364,-0.6391774415969849,0.212270587682724,-0.7391842603683472,-0.763860285282135,-0.06365730613470078,0.6422345638275146
300,1648476152.2986462,239.10787963867188,59.08147430419922,1528.6986083984375,0.8619669675827026,0.5000301599502563,-0.08356323093175888,-0.5066089034080505,0.8434081673622131,-0.17891383171081543,-0.018984399735927582,0.19655168056488037,0.9803096652030945
4,1648476152.3314204,-16.528539657592773,143.1896209716797,1386.94677734375,0.08006355911493301,-0.9855622053146362,0.14918766915798187,-0.6375875473022461,0.06441088765859604,0.7676804661750793,-0.7662062048912048,-0.15658344328403473,-0.6232252717018127
410,1648476152.331429,-25.462221145629883,91.26549530029297,1284.9478759765625,0.08805443346500397,0.97504723072052,0.2037874311208725,-0.6396572589874268,0.21217641234397888,-0.7387961745262146,-0.7636000514030457,-0.06529983133077621,0.642379105091095
300,1648476152.3314345,239.0908203125,59.092918395996094,1528.700927734375,0.8619831204414368,0.5000129342079163,-0.08349978923797607,-0.5065633058547974,0.843259334564209,-0.17974239587783813,-0.01946154236793518,0.19723282754421234,0.9801635146141052
4,1648476152.3617017,-16.57752799987793,143.244384765625,1387.0047607421875,0.07699868828058243,-0.9859235286712646,0.14841151237487793,-0.636056661605835,0.06605453044176102,0.7688099145889282,-0.7677910327911377,-0.1535954773426056,-0.6220171451568604
410,1648476152.3617096,-25.58544921875,91.21289825439453,1284.948974609375,0.08607444912195206,0.9751884937286377,0.20395734906196594,-0.640412449836731,0.21097731590270996,-0.7384852766990662,-0.7631927132606506,-0.06705211102962494,0.6426825523376465
300,1648476152.3617144,239.09527587890625,59.0900764465332,1528.7021484375,0.8619740605354309,0.4998728036880493,-0.08442718535661697,-0.5066215991973877,0.8433661460876465,-0.17907585203647614,-0.0183121170848608,0.19713138043880463,0.9802060723304749
4,1648476152.390686,-16.612672805786133,143.27159118652344,1386.9945068359375,0.07727204263210297,-0.9858609437942505,0.14868487417697906,-0.6347594261169434,0.066354900598526,0.7698554992675781,-0.7688364386558533,-0.1538674384355545,-0.6206571459770203
410,1648476152.390694,-25.716039657592773,91.15194702148438,1284.9547119140625,0.08473075181245804,0.975237250328064,0.20428648591041565,-0.6409510374069214,0.21032169461250305,-0.7382049560546875,-0.7628908753395081,-0.06838896870613098,0.6429000496864319
300,1648476152.3906991,239.1051483154297,59.07546615600586,1528.668701171875,0.8619098663330078,0.4998171329498291,-0.08540594577789307,-0.5067588090896606,0.8432695269584656,-0.1791425198316574,-0.01751827634871006,0.19768492877483368,0.9801090359687805
4,1648476152.42251,-16.68129539489746,143.15530395507812,1386.9111328125,0.08100724220275879,-0.9853978753089905,0.14976267516613007,-0.6387243270874023,0.06402672827243805,0.7667670845985413,-0.7651594877243042,-0.15777075290679932,-0.6242109537124634
410,1648476152.422518,-25.863487243652344,91.1014404296875,1284.9173583984375,0.08404266834259033,0.9753257632255554,0.20414815843105316,-0.6422497630119324,0.2096606194972992,-0.7372636795043945,-0.7618740797042847,-0.06915249675512314,0.6440231800079346
300,1648476152.4225237,239.1165008544922,59.08170700073242,1528.608154296875,0.8619508743286133,0.49969393014907837,-0.08571255952119827,-0.5066975951194763,0.8432919383049011,-0.17921006679534912,-0.017269469797611237,0.19790060818195343,0.9800699353218079
4,1648476152.452342,-16.700908660888672,143.1359405517578,1386.8385009765625,0.08118681609630585,-0.9856470823287964,0.14801530539989471,-0.638480544090271,0.06260304898023605,0.7670876383781433,-0.7653439044952393,-0.15678229928016663,-0.6242339015007019
410,1648476152.452351,-25.962865829467773,91.10433959960938,1284.9761962890625,0.08373714238405228,0.9753729104995728,0.20404848456382751,-0.6414839625358582,0.2094595730304718,-0.7379871010780334,-0.7625525593757629,-0.06909690052270889,0.6432256102561951
300,1648476152.452356,239.1066131591797,59.09574508666992,1528.5870361328125,0.8619573712348938,0.49983397126197815,-0.08482630550861359,-0.5066321492195129,0.8430180549621582,-0.18067766726016998,-0.01879872754216194,0.19871217012405396,0.9798775911331177
4,1648476152.48268,-16.72587776184082,143.1432647705078,1386.8848876953125,0.07704444229602814,-0.9862205386161804,0.14640069007873535,-0.6370123028755188,0.06426791846752167,0.7681698799133301,-0.7669938206672668,-0.15244224667549133,-0.6232831478118896
410,1648476152.4826875,-26.019699096679688,91.104248046875,1284.953857421875,0.08320173621177673,0.975175678730011,0.20520681142807007,-0.6413586139678955,0.21000587940216064,-0.7379408478736877,-0.7627165913581848,-0.0702131986618042,0.6429101824760437
300,1648476152.482693,239.1134490966797,59.10311508178711,1528.5946044921875,0.8619505167007446,0.4997142255306244,-0.08559815585613251,-0.5066876411437988,0.8432120084762573,-0.17961378395557404,-0.017578167840838432,0.19818970561027527,0.9800060391426086
4,1648476152.5122254,-16.71987533569336,143.13990783691406,1386.95068359375,0.07580504566431046,-0.9863031506538391,0.14649131894111633,-0.6354690194129944,0.06542739272117615,0.7693493366241455,-0.7683961987495422,-0.1514112502336502,-0.6218053698539734
410,1648476152.5122333,-26.03589630126953,91.02424621582031,1285.0174560546875,0.08330895751714706,0.9752353429794312,0.20487961173057556,-0.6416668891906738,0.2097983956336975,-0.7377318143844604,-0.7624455690383911,-0.07000478357076645,0.643254280090332
300,1648476152.5122385,239.11972045898438,59.08794021606445,1528.567626953125,0.8619640469551086,0.49973180890083313,-0.08535857498645782,-0.5066714286804199,0.8433875441551208,-0.17883379757404327,-0.017378585413098335,0.19739705324172974,0.9801695942878723
4,1648476152.5422714,-16.781253814697266,143.071044921875,1387.0208740234375,0.0755806565284729,-0.9862857460975647,0.14672431349754333,-0.6371948719024658,0.06541027873754501,0.7679219841957092,-0.7669878005981445,-0.15153202414512634,-0.6235124468803406
410,1648476152.5422795,-26.045644760131836,90.9543228149414,1285.149169921875,0.0831807404756546,0.9752840399742126,0.20469988882541656,-0.6416577696800232,0.20958144962787628,-0.7378014326095581,-0.7624672651290894,-0.06997640430927277,0.6432316899299622
300,1648476152.5422843,239.12127685546875,59.083370208740234,1528.568603515625,0.8619601130485535,0.4998457729816437,-0.08472871035337448,-0.506649374961853,0.8432903289794922,-0.17935387790203094,-0.018198372796177864,0.19752363860607147,0.9801291823387146
4,1648476152.5748544,-16.69530487060547,143.07647705078125,1386.974609375,0.08118073642253876,-0.9854224324226379,0.1495070904493332,-0.638472318649292,0.06376965343952179,0.7669984102249146,-0.765351414680481,-0.1577216237783432,-0.6239880323410034
410,1648476152.5748684,-26.03163719177246,90.89569091796875,1285.102294921875,0.08368807286024094,0.9753443598747253,0.20420511066913605,-0.6426655650138855,0.20943915843963623,-0.7369641661643982,-0.7615624070167542,-0.0695604756474495,0.6443477869033813
300,1648476152.5748742,239.10984802246094,59.0924186706543,1528.5609130859375,0.861961841583252,0.49997228384017944,-0.08396109938621521,-0.5066056847572327,0.843138575553894,-0.18018881976604462,-0.019298573955893517,0.1978510618209839,0.9800420999526978
4,1648476152.6038651,-16.746055603027344,143.0404815673828,1386.9595947265625,0.07974427193403244,-0.9856047034263611,0.14907807111740112,-0.639957845211029,0.06404347717761993,0.76573646068573,-0.7642609477043152,-0.1564667820930481,-0.6256383657455444
410,1648476152.6038733,-26.032739639282227,90.91291809082031,1285.173095703125,0.08326905220746994,0.9752253890037537,0.20494304597377777,-0.6418092846870422,0.20980781316757202,-0.7376052737236023,-0.7623300552368164,-0.07011465728282928,0.643379271030426
300,1648476152.6038787,239.11024475097656,59.08966064453125,1528.5950927734375,0.8619364500045776,0.49994269013404846,-0.0843970850110054,-0.5066700577735901,0.8431798815727234,-0.17981426417827606,-0.01873490773141384,0.19774994254112244,0.9800734519958496
4,1648476152.6346931,-16.748132705688477,143.10240173339844,1386.998291015625,0.07618365436792374,-0.9860264658927917,0.1481480747461319,-0.6360816955566406,0.06635899841785431,0.76876300573349,-0.7678516507148743,-0.15280145406723022,-0.6221379041671753
410,1648476152.6347013,-26.010496139526367,90.87474060058594,1285.0595703125,0.0838654637336731,0.9753239750862122,0.204229474067688,-0.6427128314971924,0.20956666767597198,-0.736886739730835,-0.7615029811859131,-0.06946154683828354,0.6444286108016968
300,1648476152.6347072,239.11607360839844,59.08427429199219,1528.5767822265625,0.8619281649589539,0.49985745549201965,-0.08498475700616837,-0.5067059397697449,0.8431944251060486,-0.17964473366737366,-0.018138084560632706,0.1979031264781952,0.9800537824630737
4,1648476152.6644714,-16.766202926635742,143.0359344482422,1387.0283203125,0.0749223604798317,-0.9862213134765625,0.14749279618263245,-0.6372237801551819,0.06641950458288193,0.7678113579750061,-0.7670283317565918,-0.15151216089725494,-0.6234673857688904
410,1648476152.664479,-26.01799201965332,90.84564971923828,1285.1802978515625,0.08381856232881546,0.9752375483512878,0.20466122031211853,-0.6419514417648315,0.20993250608444214,-0.7374460697174072,-0.7621501088142395,-0.06957089900970459,0.6436513662338257
300,1648476152.6644838,239.11692810058594,59.087562561035156,1528.5570068359375,0.8619410991668701,0.49981197714805603,-0.08512040227651596,-0.5066855549812317,0.8431757092475891,-0.1797901690006256,-0.01808983087539673,0.198097825050354,0.9800153374671936
4,1648476152.6944935,-16.601953506469727,143.0824432373047,1386.994140625,0.07929585874080658,-0.9853453636169434,0.15101876854896545,-0.6373105049133301,0.06638026982545853,0.7677428126335144,-0.7665164470672607,-0.15712466835975647,-0.6227072477340698
410,1648476152.6945026,-25.918058395385742,90.81015014648438,1285.0384521484375,0.08505174517631531,0.9754020571708679,0.20336435735225677,-0.6436506509780884,0.20958775281906128,-0.736061692237854,-0.7605787515640259,-0.06829226016998291,0.645643949508667
300,1648476152.694508,239.11668395996094,59.09502410888672,1528.5341796875,0.8619628548622131,0.4997836947441101,-0.08506631851196289,-0.5066454410552979,0.8431795835494995,-0.17988483607769012,-0.018177323043346405,0.19815251231193542,0.9800026416778564
4,1648476152.7263024,-16.664958953857422,142.97634887695312,1386.971923828125,0.08071230351924896,-0.9853184819221497,0.15044257044792175,-0.6405957341194153,0.06435603648424149,0.7651767134666443,-0.7636246681213379,-0.15813204646110535,-0.6259965300559998
410,1648476152.7263103,-25.931407928466797,90.8712387084961,1285.197265625,0.08380363881587982,0.9752955436706543,0.20439079403877258,-0.6421936750411987,0.20969641208648682,-0.737302303314209,-0.7619476318359375,-0.06946985423564911,0.6439019441604614
300,1648476152.7263157,239.11260986328125,59.09141540527344,1528.5313720703125,0.8619161248207092,0.4998171329498291,-0.08534315973520279,-0.5067383050918579,0.8431863188743591,-0.17959150671958923,-0.017802724614739418,0.1980394572019577,0.9800323843955994
4,1648476152.7576787,-16.658863067626953,143.063232421875,1387.0216064453125,0.07642383128404617,-0.9858756065368652,0.14902573823928833,-0.6362419128417969,0.06685956567525864,0.768587052822113,-0.7676950097084045,-0.1535547822713852,-0.6221457123756409
410,1648476152.7576878,-25.90578269958496,90.80264282226562,1285.0809326171875,0.0837647020816803,0.9754706025123596,0.2035694718360901,-0.6429723501205444,0.2089800089597702,-0.7368268966674805,-0.761294960975647,-0.06916945427656174,0.6447057723999023
300,1648476152.7576928,239.11541748046875,59.09190368652344,1528.5712890625,0.8619508147239685,0.499957412481308,-0.08416300266981125,-0.5066500306129456,0.843322217464447,-0.1792020946741104,-0.01861688867211342,0.1971045881509781,0.9802057147026062
4,1648476152.7866457,-16.714370727539062,142.9995880126953,1387.0289306640625,0.07408759742975235,-0.9862083196640015,0.1480007767677307,-0.6375447511672974,0.0672798827290535,0.7674699425697327,-0.7668426632881165,-0.15121713280677795,-0.6237673163414001
410,1648476152.7866542,-25.959697723388672,90.73417663574219,1285.215087890625,0.08297508209943771,0.9754787087440491,0.20385394990444183,-0.6425078511238098,0.2087324857711792,-0.7373021245002747,-0.7617734670639038,-0.06980007141828537,0.6440723538398743
300,1648476152.7866595,239.11412048339844,59.08893585205078,1528.5712890625,0.8619481325149536,0.49995073676109314,-0.08422978222370148,-0.5066426396369934,0.8431710004806519,-0.17993319034576416,-0.018937617540359497,0.1977674812078476,0.9800660014152527
4,1648476152.8164706,-16.610645294189453,143.06784057617188,1386.98974609375,0.07771635800600052,-0.9855650663375854,0.15040482580661774,-0.6372987627983093,0.06690406054258347,0.767707109451294,-0.7666879892349243,-0.15551619231700897,-0.6228998303413391
410,1648476152.8164787,-25.972108840942383,90.68695831298828,1285.0662841796875,0.08413461595773697,0.9756407737731934,0.20259931683540344,-0.6443535089492798,0.20835955440998077,-0.7357953786849976,-0.7600854635238647,-0.06863971799612045,0.6461878418922424
300,1648476152.8164845,239.1139678955078,59.09608459472656,1528.5482177734375,0.8619717359542847,0.49983400106430054,-0.08468008786439896,-0.506628155708313,0.8433022499084473,-0.1793578863143921,-0.018238261342048645,0.1975027471780777,0.9801326394081116
4,1648476152.8500698,-16.703187942504883,143.00498962402344,1386.968017578125,0.07904878258705139,-0.9854908585548401,0.15019671618938446,-0.6396059393882751,0.06542692333459854,0.7659135460853577,-0.7646277546882629,-0.15661124885082245,-0.6251538395881653
410,1648476152.850078,-26.089706420898438,90.76543426513672,1285.1612548828125,0.08226209133863449,0.9754907488822937,0.20408505201339722,-0.6430182456970215,0.2084043174982071,-0.7369499206542969,-0.7614200115203857,-0.07060737907886505,0.6444021463394165
300,1648476152.8500834,239.1121826171875,59.090972900390625,1528.56640625,0.8619357347488403,0.4998832643032074,-0.08475541323423386,-0.5066967606544495,0.8433248996734619,-0.179057314991951,-0.01803140714764595,0.19728119671344757,0.980181097984314
4,1648476152.878729,-16.686803817749023,143.06130981445312,1386.9825439453125,0.07699143886566162,-0.9856740832328796,0.15006311237812042,-0.6368229389190674,0.06719264388084412,0.7680765986442566,-0.7671563029289246,-0.15469896793365479,-0.6225266456604004
410,1648476152.8787374,-26.14028549194336,90.71219635009766,1285.0880126953125,0.08257731050252914,0.9754224419593811,0.20428422093391418,-0.6436871290206909,0.20869427919387817,-0.7362836599349976,-0.7608205080032349,-0.07069479674100876,0.6451002955436707
300,1648476152.8787422,239.11285400390625,59.096168518066406,1528.5579833984375,0.8619655966758728,0.49988076090812683,-0.08446601778268814,-0.5066271424293518,0.8432514071464539,-0.1795995682477951,-0.018552282825112343,0.19760143756866455,0.9801068902015686
4,1648476152.908534,-16.788143157958984,142.9947052001953,1387.0181884765625,0.0736817941069603,-0.9864288568496704,0.14672815799713135,-0.6374825239181519,0.06655868142843246,0.767584502696991,-0.7669335007667542,-0.15009362995624542,-0.6239269971847534
410,1648476152.9085417,-26.152950286865234,90.62773895263672,1285.259521484375,0.08149921149015427,0.9754164814949036,0.2047451287508011,-0.6430995464324951,0.2084076851606369,-0.7368780374526978,-0.7614334225654602,-0.0716165229678154,0.6442749500274658
300,1648476152.9085474,239.11228942871094,59.086002349853516,1528.5618896484375,0.8619666695594788,0.4998060464859009,-0.08489637076854706,-0.5066376328468323,0.8432294130325317,-0.1796732097864151,-0.018214639276266098,0.19788402318954468,0.9800561666488647
4,1648476152.9383934,-16.70796012878418,143.07835388183594,1387.030029296875,0.0746619775891304,-0.9860933423042297,0.14847727119922638,-0.6357364058494568,0.06764497607946396,0.7689365148544312,-0.768286943435669,-0.15180271863937378,-0.6218449473381042
410,1648476152.9384012,-26.15937042236328,90.6172866821289,1285.123779296875,0.0816873088479042,0.9755710363388062,0.20393207669258118,-0.644490659236908,0.20778362452983856,-0.7358381152153015,-0.7602360844612122,-0.0713236853480339,0.6457197666168213
300,1648476152.9384067,239.1199493408203,59.099578857421875,1528.565673828125,0.8619651794433594,0.49983927607536316,-0.08471565693616867,-0.5066331624984741,0.8432170152664185,-0.17974397540092468,-0.01840941794216633,0.19785280525684357,0.9800588488578796
4,1648476152.9686656,-16.730764389038086,142.95614624023438,1386.966796875,0.07844863831996918,-0.9855939149856567,0.14983491599559784,-0.6403467655181885,0.06537593901157379,0.76529860496521,-0.7640692591667175,-0.15598294138908386,-0.6259931921958923
410,1648476152.9686735,-26.30722999572754,90.7135238647461,1285.2867431640625,0.08067541569471359,0.9753844738006592,0.20522333681583405,-0.6433690190315247,0.20821678638458252,-0.7366967797279358,-0.7612935304641724,-0.07260101288557053,0.6443300843238831
300,1648476152.9686792,239.1117401123047,59.09312057495117,1528.5638427734375,0.8619431853294373,0.49989306926727295,-0.08462216705083847,-0.5066698789596558,0.8432238698005676,-0.1796083003282547,-0.01842951774597168,0.19768764078617096,0.9800918102264404
4,1648476152.9986434,-16.699993133544922,142.98577880859375,1386.9525146484375,0.07990675419569016,-0.9853324890136719,0.15078063309192657,-0.6392340064048767,0.0654122456908226,0.766225278377533,-0.7648495435714722,-0.157610684633255,-0.6246311664581299
410,1648476152.9986517,-26.33235740661621,90.6178970336914,1285.1129150390625,0.08090399205684662,0.9755882620811462,0.2041618525981903,-0.6451202630996704,0.20739544928073883,-0.7353957891464233,-0.7597857713699341,-0.07221248745918274,0.6461508870124817
300,1648476152.9986572,239.11622619628906,59.09145736694336,1528.5850830078125,0.8619433641433716,0.4998716711997986,-0.08474616706371307,-0.5066709518432617,0.8431953191757202,-0.17973917722702026,-0.01838895119726658,0.1978634148836136,0.9800571203231812
4,1648476153.0304403,-16.76260757446289,142.976318359375,1386.9810791015625,0.07666989415884018,-0.985868513584137,0.1489463746547699,-0.6386951208114624,0.06615006923675537,0.7666111588478088,-0.7656306624412537,-0.15390732884407043,-0.6245976686477661
410,1648476153.0304482,-26.400102615356445,90.65310668945312,1285.304443359375,0.07905002683401108,0.9755541086196899,0.20504948496818542,-0.6429499387741089,0.2070871740579605,-0.7373806834220886,-0.7618178725242615,-0.07354658842086792,0.6436026692390442
300,1648476153.0304537,239.1107635498047,59.086063385009766,1528.585205078125,0.8619128465652466,0.49994000792503357,-0.08465344458818436,-0.5067217350006104,0.8431899547576904,-0.17962123453617096,-0.018420906737446785,0.19771358370780945,0.9800867438316345
4,1648476153.0608737,-16.676063537597656,143.08792114257812,1386.9873046875,0.07645978033542633,-0.9856765270233154,0.15031850337982178,-0.6365595459938049,0.06778082996606827,0.7682432532310486,-0.7674280405044556,-0.15442639589309692,-0.6222593188285828
410,1648476153.0608819,-26.40522003173828,90.6379165649414,1285.1077880859375,0.08060746639966965,0.9756085872650146,0.20418210327625275,-0.6454030871391296,0.20719365775585175,-0.7352044582366943,-0.7595770359039307,-0.0725167915225029,0.6463621258735657
300,1648476153.0608869,239.11734008789062,59.098148345947266,1528.5703125,0.861976683139801,0.4998975694179535,-0.0842534750699997,-0.5066085457801819,0.8433391451835632,-0.17923973500728607,-0.018547257408499718,0.1971840113401413,0.9801910519599915
4,1648476153.0899856,-16.79136848449707,142.98336791992188,1387.00341796875,0.07557821273803711,-0.9860126376152039,0.1485498696565628,-0.637389063835144,0.06679461896419525,0.7676416039466858,-0.7668266892433167,-0.15270105004310608,-0.6234254240989685
410,1648476153.0899932,-26.436906814575195,90.62159729003906,1285.3330078125,0.08022645860910416,0.9755159616470337,0.20477385818958282,-0.6439335942268372,0.20753636956214905,-0.7363953590393066,-0.7608634829521179,-0.07278237491846085,0.6448174118995667
300,1648476153.0899985,239.10861206054688,59.0889778137207,1528.5601806640625,0.8619408011436462,0.499849408864975,-0.08490338176488876,-0.5066812634468079,0.8432012796401978,-0.17968212068080902,-0.018223358318209648,0.19789430499076843,0.9800539612770081
4,1648476153.1222165,-16.74005699157715,142.9652099609375,1386.952880859375,0.07995529472827911,-0.9853779077529907,0.15045788884162903,-0.6394339203834534,0.06508928537368774,0.7660859227180481,-0.7646773457527161,-0.15746049582958221,-0.624879777431488
410,1648476153.1222243,-26.349958419799805,90.54023742675781,1285.1319580078125,0.08079593628644943,0.9756060838699341,0.20411941409111023,-0.6456584930419922,0.2072429358959198,-0.7349662780761719,-0.7593399286270142,-0.07240914553403854,0.6466527581214905
300,1648476153.12223,239.10836791992188,59.08613967895508,1528.57080078125,0.8619598746299744,0.49987146258354187,-0.08457956463098526,-0.5066518783569336,0.8433660864830017,-0.17899031937122345,-0.018140612170100212,0.197134867310524,0.9802085161209106
4,1648476153.1522193,-16.751985549926758,142.97549438476562,1386.966796875,0.07714232802391052,-0.9857776165008545,0.14930345118045807,-0.6390085220336914,0.06606478244066238,0.7663573026657104,-0.7653216123580933,-0.1545247584581375,-0.6248239278793335
410,1648476153.1522279,-26.34469985961914,90.59931945800781,1285.299560546875,0.07934053242206573,0.97553950548172,0.20500683784484863,-0.643532931804657,0.20718427002429962,-0.7368446588516235,-0.7612952589988708,-0.07346699386835098,0.6442298889160156
300,1648476153.1522331,239.1075439453125,59.088905334472656,1528.5550537109375,0.8619118928909302,0.499840646982193,-0.08524788171052933,-0.5067399740219116,0.8431565761566162,-0.17972633242607117,-0.017957208678126335,0.1981067657470703,0.9800159335136414
4,1648476153.1820657,-16.743553161621094,143.0592498779297,1387.0347900390625,0.07468912750482559,-0.9860504865646362,0.14874820411205292,-0.6363238096237183,0.06772284209728241,0.7684436440467834,-0.7677978277206421,-0.15204641222953796,-0.6223892569541931
410,1648476153.1820755,-26.32938003540039,90.5615234375,1285.1956787109375,0.08086646348237991,0.9755384922027588,0.20441444218158722,-0.6450947523117065,0.20756421983242035,-0.7353705763816833,-0.7598114013671875,-0.07239986211061478,0.6460997462272644
300,1648476153.182081,239.1163330078125,59.09922790527344,1528.5810546875,0.8619661331176758,0.49984315037727356,-0.084682896733284,-0.5066395401954651,0.8433168530464172,-0.17925690114498138,-0.0181858129799366,0.19741708040237427,0.9801508784294128
4,1648476153.212135,-16.78044319152832,142.96678161621094,1387.014404296875,0.0747305378317833,-0.9861336350440979,0.14817504584789276,-0.6373701095581055,0.06704308837652206,0.767635703086853,-0.7669254541397095,-0.15180817246437073,-0.6235219240188599
410,1648476153.2121432,-26.355892181396484,90.56489562988281,1285.354248046875,0.08073185384273529,0.9754371643066406,0.20495052635669708,-0.6440693736076355,0.20798011124134064,-0.736151397228241,-0.7606950998306274,-0.07257149368524551,0.6450398564338684
300,1648476153.2121484,239.10964965820312,59.0872917175293,1528.5748291015625,0.8619439601898193,0.4998745620250702,-0.08472319692373276,-0.5066769123077393,0.8432791829109192,-0.17932868003845215,-0.01819654181599617,0.19749855995178223,0.9801342487335205
4,1648476153.2424808,-16.775190353393555,142.93215942382812,1387.00341796875,0.07751622051000595,-0.9857639670372009,0.149199977517128,-0.6389343738555908,0.06576202064752579,0.7664452195167542,-0.7653457522392273,-0.15474092960357666,-0.6247408390045166
410,1648476153.242489,-26.324764251708984,90.5079574584961,1285.2320556640625,0.08116437494754791,0.9755061268806458,0.2044508159160614,-0.6452428102493286,0.2077685296535492,-0.7351829409599304,-0.7596539258956909,-0.07224975526332855,0.6463017463684082
300,1648476153.2424948,239.1095428466797,59.0881462097168,1528.5869140625,0.8619495034217834,0.49977195262908936,-0.08527058362960815,-0.5066809058189392,0.8432343602180481,-0.17952807247638702,-0.01782001368701458,0.1979491114616394,0.9800503253936768
4,1648476153.2747433,-16.76304817199707,142.92300415039062,1386.9891357421875,0.07784987986087799,-0.9857450127601624,0.1491515040397644,-0.6394361853599548,0.06541090458631516,0.7660566568374634,-0.7648926377296448,-0.15501028299331665,-0.6252288222312927
410,1648476153.2747517,-26.354419708251953,90.53699493408203,1285.3486328125,0.07967212051153183,0.9755565524101257,0.20479699969291687,-0.6436259746551514,0.20722880959510803,-0.7367509007453918,-0.7611819505691528,-0.07311415672302246,0.644403874874115
300,1648476153.2747574,239.10409545898438,59.08816146850586,1528.5833740234375,0.8619500398635864,0.49985215067863464,-0.08479363471269608,-0.5066620707511902,0.8432101011276245,-0.17969493567943573,-0.0183220487087965,0.19784976541996002,0.9800611138343811
4,1648476153.3039658,-16.742244720458984,143.00436401367188,1387.03271484375,0.07491214573383331,-0.98604416847229,0.14867788553237915,-0.6367858052253723,0.06743555516004562,0.7680861353874207,-0.7673929929733276,-0.15221494436264038,-0.6228471398353577
410,1648476153.3039737,-26.37152099609375,90.53069305419922,1285.234619140625,0.08053413033485413,0.9755959510803223,0.2042713165283203,-0.6451150178909302,0.20724137127399445,-0.7354438304901123,-0.7598295211791992,-0.07255016267299652,0.6460615992546082
300,1648476153.3039784,239.11338806152344,59.09713363647461,1528.5858154296875,0.8619816899299622,0.49983546137809753,-0.08456996083259583,-0.5066050887107849,0.8432843685150146,-0.17950692772865295,-0.01840740069746971,0.19757525622844696,0.9801148772239685
4,1648476153.334754,-16.786882400512695,142.97390747070312,1387.0184326171875,0.0748671367764473,-0.9860780835151672,0.14847542345523834,-0.6371282935142517,0.06723842024803162,0.767819344997406,-0.7671130895614624,-0.15208232402801514,-0.6232242584228516
410,1648476153.3347623,-26.4617977142334,90.5777587890625,1285.3961181640625,0.07987449318170547,0.9754862785339355,0.2050527185201645,-0.6441205739974976,0.20750372111797333,-0.7362410426139832,-0.7607422471046448,-0.07327179610729218,0.6449050307273865
300,1648476153.3347678,239.10842895507812,59.085269927978516,1528.579345703125,0.8619290590286255,0.49990445375442505,-0.08469849824905396,-0.5066978335380554,0.8432274460792542,-0.17951259016990662,-0.018319042399525642,0.19764366745948792,0.9801027178764343
4,1648476153.3644533,-16.833589553833008,142.9408416748047,1387.010498046875,0.07660024613142014,-0.9860249161720276,0.14794348180294037,-0.6384058594703674,0.0654723197221756,0.7669102549552917,-0.7658788561820984,-0.15319350361824036,-0.6244688630104065
410,1648476153.3644617,-26.525480270385742,90.5210952758789,1285.2886962890625,0.07977129518985748,0.97553950548172,0.20483946800231934,-0.6452831029891968,0.20716457068920135,-0.7353180050849915,-0.7597672343254089,-0.0735221803188324,0.6460249423980713
300,1648476153.3644667,239.1065216064453,59.09260940551758,1528.5997314453125,0.8619030117988586,0.4999154210090637,-0.08489858359098434,-0.5067494511604309,0.8432121276855469,-0.17943884432315826,-0.01811673305928707,0.19768118858337402,0.9800989627838135
4,1648476153.394481,-16.728158950805664,142.97666931152344,1386.98388671875,0.08042602241039276,-0.9852489829063416,0.15104979276657104,-0.6386047005653381,0.06542187929153442,0.7667489647865295,-0.7653206586837769,-0.15812768042087555,-0.6239230632781982
410,1648476153.3944895,-26.596210479736328,90.56045532226562,1285.314697265625,0.07863675802946091,0.9754689335823059,0.20561270415782928,-0.6452189087867737,0.20702679455280304,-0.735413134098053,-0.7599400281906128,-0.07483469694852829,0.6456708908081055
300,1648476153.3944952,239.1023712158203,59.092384338378906,1528.564453125,0.8619212508201599,0.4998655617237091,-0.08500714600086212,-0.5067223906517029,0.8432318568229675,-0.17942270636558533,-0.018006499856710434,0.19772325456142426,0.980092465877533
4,1648476153.4260836,-16.77848243713379,143.02561950683594,1387.0185546875,0.07522355020046234,-0.9859097599983215,0.14940997958183289,-0.6371537446975708,0.06773563474416733,0.7677544951438904,-0.7670570611953735,-0.15295034646987915,-0.6230807900428772
410,1648476153.4260912,-26.676488876342773,90.58119201660156,1285.2745361328125,0.07824952900409698,0.9755376577377319,0.20543436706066132,-0.6451486945152283,0.2066512405872345,-0.735580325126648,-0.7600395679473877,-0.07497690618038177,0.6455371975898743
300,1648476153.426097,239.11053466796875,59.091400146484375,1528.578125,0.8619767427444458,0.4998055100440979,-0.08479729294776917,-0.5066217184066772,0.843286395072937,-0.17945049703121185,-0.018181946128606796,0.19764231145381927,0.9801055788993835
4,1648476153.4572403,-16.8537540435791,142.99070739746094,1387.0211181640625,0.07437586784362793,-0.9861117005348206,0.14849907159805298,-0.6364432573318481,0.0677029937505722,0.7683464288711548,-0.7677292227745056,-0.15165767073631287,-0.622568666934967
410,1648476153.4572487,-26.784954071044922,90.6781997680664,1285.3984375,0.07750767469406128,0.9755584001541138,0.2056169956922531,-0.6441983580589294,0.20640824735164642,-0.7364808917045593,-0.7609211802482605,-0.07537520676851273,0.6444513201713562
300,1648476153.4572537,239.10711669921875,59.08598709106445,1528.573974609375,0.8619334697723389,0.49986058473587036,-0.08491223305463791,-0.5066989660263062,0.8432484269142151,-0.17941069602966309,-0.01807822473347187,0.1976650208234787,0.9801028966903687
4,1648476153.4864385,-16.912960052490234,142.9549102783203,1387.025390625,0.0754469484090805,-0.986159086227417,0.14764152467250824,-0.6377835273742676,0.06609233468770981,0.7673747539520264,-0.7665115594863892,-0.1520594209432602,-0.623969554901123
410,1648476153.486447,-26.858863830566406,90.636474609375,1285.3375244140625,0.07728090137243271,0.9756490588188171,0.2052718698978424,-0.6449869275093079,0.20592451095581055,-0.7359259128570557,-0.7602759599685669,-0.07552465051412582,0.645194947719574
300,1648476153.4864526,239.10374450683594,59.09086608886719,1528.5894775390625,0.8619275689125061,0.49983471632003784,-0.08512438833713531,-0.5067181587219238,0.843267560005188,-0.17926669120788574,-0.01782107912003994,0.19764897227287292,0.9801108837127686
4,1648476153.5161645,-16.813732147216797,142.98159790039062,1386.979248046875,0.07932430505752563,-0.9853965640068054,0.15066950023174286,-0.6384581923484802,0.06585494428873062,0.7668339610099792,-0.7655578255653381,-0.15702474117279053,-0.6239106059074402
410,1648476153.516173,-26.963579177856445,90.6678695678711,1285.34130859375,0.07622703164815903,0.9756190776824951,0.20580780506134033,-0.6448827385902405,0.20566482841968536,-0.736089825630188,-0.7604707479476929,-0.0766119509935379,0.6448370814323425
300,1648476153.5161784,239.10447692871094,59.092159271240234,1528.5782470703125,0.8619222044944763,0.49989020824432373,-0.08485186100006104,-0.5067144632339478,0.8432207107543945,-0.17949719727039337,-0.01818004809319973,0.19770829379558563,0.9800922870635986
4,1648476153.5500991,-16.888858795166016,143.02304077148438,1386.9833984375,0.07476605474948883,-0.9859962463378906,0.14906862378120422,-0.6374955177307129,0.06769129633903503,0.7674746513366699,-0.7668177485466003,-0.15241163969039917,-0.6235072016716003
410,1648476153.5501072,-26.98491859436035,90.66799926757812,1285.2677001953125,0.07625707983970642,0.9756293296813965,0.20574799180030823,-0.6446969509124756,0.20565761625766754,-0.7362545728683472,-0.7606251835823059,-0.07650048285722733,0.6446681022644043
300,1648476153.5501122,239.1112518310547,59.08958435058594,1528.6011962890625,0.8619642853736877,0.4998573660850525,-0.08461753278970718,-0.5066394209861755,0.843303382396698,-0.17932072281837463,-0.018276529386639595,0.19743864238262177,0.9801448583602905
4,1648476153.578818,-16.94463348388672,143.01097106933594,1386.9713134765625,0.07319391518831253,-0.9863215088844299,0.14769066870212555,-0.6364112496376038,0.06782623380422592,0.7683621048927307,-0.7678693532943726,-0.15023143589496613,-0.6227416396141052
410,1648476153.5788262,-27.02846336364746,90.72000885009766,1285.369384765625,0.07611215859651566,0.9756147861480713,0.2058706283569336,-0.6438450217247009,0.2057431936264038,-0.7369757890701294,-0.7613609433174133,-0.0764559656381607,0.6438043117523193
300,1648476153.5788314,239.10646057128906,59.090370178222656,1528.5904541015625,0.8619396686553955,0.4998128414154053,-0.08512986451387405,-0.5066894888877869,0.8431873321533203,-0.1797245591878891,-0.018048223108053207,0.19804614782333374,0.9800265431404114
4,1648476153.6085677,-17.009037017822266,142.9702606201172,1386.9683837890625,0.07386484742164612,-0.986396312713623,0.14685484766960144,-0.6372249126434326,0.06659185886383057,0.7677955031394958,-0.7671299576759338,-0.15029266476631165,-0.6236374974250793
410,1648476153.6085758,-27.013765335083008,90.66911315917969,1285.3194580078125,0.07640135288238525,0.975623607635498,0.20572155714035034,-0.6444911360740662,0.20575061440467834,-0.7364087700843811,-0.7607851624488831,-0.07632309198379517,0.6445003747940063
300,1648476153.608581,239.10426330566406,59.09161376953125,1528.603759765625,0.8619420528411865,0.4998430013656616,-0.08492868393659592,-0.5066956281661987,0.8433738946914673,-0.178829625248909,-0.017760101705789566,0.19717375934123993,0.9802076816558838
4,1648476153.6384602,-16.87545394897461,143.01806640625,1386.9390869140625,0.07843204587697983,-0.9855754375457764,0.1499648094177246,-0.6377488374710083,0.06601682305335999,0.7674100995063782,-0.7662407159805298,-0.15582941472530365,-0.6233717203140259
410,1648476153.6384685,-27.024869918823242,90.69548034667969,1285.28125,0.07639002054929733,0.9756841659545898,0.20543844997882843,-0.6449222564697266,0.2054864764213562,-0.7361050248146057,-0.7604208588600159,-0.07626074552536011,0.6449375152587891
300,1648476153.6384737,239.1051025390625,59.08989334106445,1528.6116943359375,0.8619652390480042,0.49986013770103455,-0.08459159731864929,-0.5066202878952026,0.8431263566017151,-0.18020494282245636,-0.01875586435198784,0.1981862187385559,0.9799849390983582
4,1648476153.6683133,-16.996002197265625,142.9226837158203,1386.931640625,0.07732890546321869,-0.9860044121742249,0.14770086109638214,-0.6402438879013062,0.06445223838090897,0.7654630541801453,-0.7642695903778076,-0.1537569910287857,-0.626299262046814
410,1648476153.668327,-27.020729064941406,90.71338653564453,1285.3785400390625,0.07590802013874054,0.9756232500076294,0.2059059739112854,-0.6438682675361633,0.20563717186450958,-0.7369850873947144,-0.7613616585731506,-0.07663325220346451,0.643782377243042
300,1648476153.6683328,239.10748291015625,59.08824920654297,1528.5994873046875,0.8619353771209717,0.4998108148574829,-0.0851854607462883,-0.5066977739334106,0.843174159526825,-0.17976276576519012,-0.018021196126937866,0.19810718297958374,0.9800146818161011
4,1648476153.6983838,-16.94457244873047,143.0049285888672,1386.9234619140625,0.07663045078516006,-0.986050009727478,0.14776043593883514,-0.638375461101532,0.06531685590744019,0.7669488191604614,-0.7659011483192444,-0.15309827029705048,-0.6244648694992065
410,1648476153.698392,-26.96392822265625,90.68168640136719,1285.2659912109375,0.07660473883152008,0.9756624102592468,0.20546196401119232,-0.6449504494667053,0.20563878118991852,-0.7360377311706543,-0.7603753209114075,-0.07612881809473038,0.6450068354606628
300,1648476153.698397,239.10714721679688,59.0955696105957,1528.6033935546875,0.8619486093521118,0.4998670220375061,-0.08472026884555817,-0.5066578388214111,0.8431641459465027,-0.17992228269577026,-0.018504125997424126,0.1980079561471939,0.9800257086753845
4,1648476153.7303712,-17.059799194335938,142.96519470214844,1386.9732666015625,0.07275491207838058,-0.9866389632225037,0.14577491581439972,-0.6376454830169678,0.06637214869260788,0.7674652934074402,-0.7668865323066711,-0.14878958463668823,-0.6242969632148743
410,1648476153.7303813,-26.99964141845703,90.64973449707031,1285.37109375,0.07648022472858429,0.9755465984344482,0.20605729520320892,-0.6439462900161743,0.2061091661453247,-0.7367850542068481,-0.7612384557723999,-0.07634034752845764,0.6439628601074219
300,1648476153.730387,239.1061248779297,59.08628463745117,1528.5872802734375,0.8619362115859985,0.49985915422439575,-0.08489289879798889,-0.5066896080970764,0.8432056903839111,-0.17963802814483643,-0.01821153797209263,0.19785086810588837,0.9800629615783691
4,1648476153.760602,-16.866222381591797,143.0196075439453,1386.9730224609375,0.07746274024248123,-0.9856277704238892,0.15012457966804504,-0.6372403502464294,0.06685809791088104,0.7677595615386963,-0.7667621970176697,-0.15513819456100464,-0.6229027509689331
410,1648476153.7606099,-26.984176635742188,90.66077423095703,1285.3009033203125,0.07681552320718765,0.9756332039833069,0.20552174746990204,-0.6452721953392029,0.2057865858078003,-0.7357143759727478,-0.7600810527801514,-0.07610318064689636,0.6453565955162048
300,1648476153.7606149,239.1078643798828,59.089805603027344,1528.568359375,0.8619773387908936,0.499752938747406,-0.08510037511587143,-0.5066275000572205,0.8432528376579285,-0.1795918196439743,-0.01799040101468563,0.19791826605796814,0.9800534248352051
4,1648476153.7906644,-16.99378204345703,142.86058044433594,1386.97607421875,0.07721495628356934,-0.9859317541122437,0.1482444703578949,-0.6406598687171936,0.06486289203166962,0.7650802135467529,-0.763932466506958,-0.15404991805553436,-0.6266385316848755
410,1648476153.7906723,-26.999235153198242,90.68635559082031,1285.4720458984375,0.07614529877901077,0.9756065011024475,0.20589765906333923,-0.6435337662696838,0.20581601560115814,-0.7372272610664368,-0.7616207599639893,-0.07636570185422897,0.6435076594352722
300,1648476153.7906778,239.1082763671875,59.091026306152344,1528.574462890625,0.8618976473808289,0.4998525381088257,-0.08532232791185379,-0.5067691206932068,0.8431715369224548,-0.17957398295402527,-0.017819156870245934,0.19801311194896698,0.9800373911857605
4,1648476153.8222601,-16.939231872558594,142.95970153808594,1386.9879150390625,0.07420041412115097,-0.9862353205680847,0.1477639228105545,-0.6370952129364014,0.0671127438545227,0.7678577899932861,-0.7672053575515747,-0.1511150598526001,-0.6233459711074829
410,1648476153.8222687,-26.978397369384766,90.6485366821289,1285.3990478515625,0.07654653489589691,0.9754788279533386,0.20635318756103516,-0.6439602375030518,0.20637360215187073,-0.7366988658905029,-0.7612199783325195,-0.07649150490760803,0.6439667344093323
300,1648476153.822274,239.10643005371094,59.08995056152344,1528.5809326171875,0.8619763255119324,0.49986621737480164,-0.08444295823574066,-0.5066079497337341,0.8432580232620239,-0.17962272465229034,-0.018580131232738495,0.197610005736351,0.9801046252250671
4,1648476153.852504,-16.95749282836914,142.92098999023438,1387.03076171875,0.07215845584869385,-0.9865328669548035,0.14678572118282318,-0.6375799775123596,0.06754876673221588,0.7674170732498169,-0.7669973373413086,-0.14896327257156372,-0.6241194009780884
410,1648476153.8525124,-26.916460037231445,90.58960723876953,1285.457275390625,0.07627342641353607,0.9755288362503052,0.20621810853481293,-0.6440169215202332,0.20609138906002045,-0.7367282509803772,-0.761199414730072,-0.07661516964435577,0.6439763903617859
300,1648476153.8525174,239.1136016845703,59.08467102050781,1528.5787353515625,0.8619492053985596,0.4997941255569458,-0.08514324575662613,-0.5066775679588318,0.8432375192642212,-0.1795225888490677,-0.017928361892700195,0.19787952303886414,0.9800623655319214
4,1648476153.8828657,-16.743745803833008,143.0222625732422,1387.0096435546875,0.07715395092964172,-0.9854162931442261,0.15166397392749786,-0.6368093490600586,0.06834018975496292,0.7679865956306458,-0.7671512961387634,-0.15583424270153046,-0.6222496032714844
410,1648476153.8828733,-26.888668060302734,90.60963439941406,1285.3233642578125,0.07683754712343216,0.9756975173950195,0.20520800352096558,-0.6456824541091919,0.20552310347557068,-0.7354280352592468,-0.7597302794456482,-0.07599072903394699,0.6457827091217041
300,1648476153.882879,239.11387634277344,59.09304428100586,1528.587890625,0.8619632720947266,0.4998762905597687,-0.08451639860868454,-0.5066294074058533,0.843212366104126,-0.17977644503116608,-0.018600713461637497,0.19777917861938477,0.9800701141357422
4,1648476153.9121532,-16.86624526977539,142.85104370117188,1387.026123046875,0.07761333137750626,-0.9856287240982056,0.1500406712293625,-0.6403847336769104,0.06605931371450424,0.7652081847190857,-0.764122724533081,-0.15547411143779755,-0.6260545253753662
410,1648476153.9121616,-26.913692474365234,90.61396789550781,1285.53173828125,0.07602027803659439,0.9756396412849426,0.20578694343566895,-0.6439729332923889,0.20560844242572784,-0.7369016408920288,-0.7612619996070862,-0.0765017494559288,0.6439158916473389
300,1648476153.912168,239.10997009277344,59.09110641479492,1528.59375,0.8618882894515991,0.49992215633392334,-0.08500859141349792,-0.506773829460144,0.8431523442268372,-0.1796509027481079,-0.01813627779483795,0.19791913032531738,0.9800505638122559
4,1648476153.9423282,-16.807828903198242,142.8799591064453,1386.9796142578125,0.07883495092391968,-0.9853204488754272,0.15142205357551575,-0.6397678256034851,0.0664818212389946,0.7656874656677246,-0.7645143270492554,-0.15723788738250732,-0.6251352429389954
410,1648476153.9423363,-26.884132385253906,90.51152038574219,1285.361572265625,0.0766022726893425,0.9757531881332397,0.20503117144107819,-0.6457197666168213,0.2052353322505951,-0.7354756593704224,-0.7597223520278931,-0.07605357468128204,0.6457846164703369
300,1648476153.9423418,239.1060333251953,59.08858871459961,1528.597900390625,0.8619356751441956,0.49986833333969116,-0.08484425395727158,-0.5066879391670227,0.8431953191757202,-0.1796914041042328,-0.018281763419508934,0.19787199795246124,0.9800573587417603
4,1648476153.9748874,-16.874805450439453,142.8826141357422,1387.067138671875,0.07251229882240295,-0.9861806631088257,0.1489621251821518,-0.637693464756012,0.06899570673704147,0.7671940326690674,-0.7668696045875549,-0.15062318742275238,-0.6238778829574585
410,1648476153.9748967,-26.903406143188477,90.53783416748047,1285.5078125,0.07566176354885101,0.9756894707679749,0.2056826949119568,-0.6441327929496765,0.20528455078601837,-0.73685222864151,-0.7611624002456665,-0.07673542946577072,0.6440057754516602
300,1648476153.9749026,239.10777282714844,59.08660125732422,1528.6092529296875,0.8619487881660461,0.49987879395484924,-0.08464939892292023,-0.5066646933555603,0.8432661294937134,-0.179424449801445,-0.018308501690626144,0.19754354655742645,0.9801231026649475
4,1648476154.0043445,-16.695058822631836,143.01376342773438,1387.0191650390625,0.07654452323913574,-0.985300600528717,0.1527208387851715,-0.6365655660629272,0.06959862262010574,0.768075704574585,-0.7674146294593811,-0.15600882470607758,-0.6218810677528381
410,1648476154.0043533,-26.92561912536621,90.54810333251953,1285.338623046875,0.07617733627557755,0.9757661819458008,0.20512765645980835,-0.6458711624145508,0.20502059161663055,-0.7354025840759277,-0.759636402130127,-0.07646502554416656,0.6458371877670288
300,1648476154.0043592,239.11180114746094,59.09761428833008,1528.598388671875,0.8619349598884583,0.49990788102149963,-0.08461824804544449,-0.506679117679596,0.8431679606437683,-0.17984457314014435,-0.0185583233833313,0.19788862764835358,0.9800488352775574
