300,1648560442.7600117,78.11629486083984,-55.31334686279297,1837.284912109375,0.8746501803398132,-0.012132393196225166,-0.48460277915000916,-0.06942231953144073,0.9862471222877502,-0.14999043941497803,0.4797578454017639,0.16483141481876373,0.861778974533081
4,1648560442.7600374,-14.057141304016113,-17.365924835205078,1658.5513916015625,0.3431079089641571,-0.7047586441040039,0.6209607124328613,-0.7946339845657349,0.13470664620399475,0.5919551849365234,-0.5008330941200256,-0.6965410113334656,-0.5138062834739685
410,1648560442.7600548,43.77834701538086,-101.24810028076172,1598.4544677734375,0.2917046844959259,0.5682233572006226,-0.7694352269172668,-0.8255336880683899,-0.25673890113830566,-0.5025725960731506,-0.4831174612045288,0.7817975282669067,0.3941956162452698
300,1648560442.7994418,78.13789367675781,-55.32343292236328,1837.26953125,0.8741891980171204,-0.01208180096000433,-0.4854351282119751,-0.06931796669960022,0.9863472580909729,-0.14937911927700043,0.4806123673915863,0.16423499584197998,0.8614166378974915
4,1648560442.7994683,-14.1203031539917,-17.36238670349121,1658.5169677734375,0.3439105153083801,-0.704721987247467,0.6205581426620483,-0.7933878898620605,0.13540790975093842,0.593464732170105,-0.5022561550140381,-0.6964420676231384,-0.5125496983528137
410,1648560442.7994876,43.130550384521484,-99.54048156738281,1599.2352294921875,0.2925449311733246,0.5691704154014587,-0.7684155702590942,-0.8256589770317078,-0.2550267279148102,-0.5032381415367126,-0.4823947846889496,0.7816689610481262,0.3953339159488678
300,1648560442.8327546,78.14579772949219,-55.30849838256836,1837.2730712890625,0.8746331334114075,-0.012113739736378193,-0.48463404178619385,-0.06924176961183548,0.9863166809082031,-0.14961625635623932,0.4798150360584259,0.16441625356674194,0.8618264198303223
4,1648560442.8327804,-14.220654487609863,-17.299360275268555,1658.3768310546875,0.3425545394420624,-0.706554651260376,0.61922287940979,-0.7923950552940369,0.13681748509407043,0.5944669842720032,-0.5047439336776733,-0.694306492805481,-0.5130029916763306
410,1648560442.8327994,42.771671295166016,-97.93636322021484,1600.3878173828125,0.29238420724868774,0.5652810335159302,-0.7713422179222107,-0.8258435726165771,-0.2574359178543091,-0.5017063021659851,-0.4821762144565582,0.7836989760398865,0.3915634751319885
300,1648560442.8991828,78.12791442871094,-55.30145263671875,1837.257568359375,0.8748188614845276,-0.012295771390199661,-0.4842940866947174,-0.06936320662498474,0.9861988425254822,-0.1503349393606186,0.479458749294281,0.16510802507400513,0.8618924617767334
4,1648560442.8992107,-14.4041748046875,-17.338525772094727,1658.3482666015625,0.3423282206058502,-0.7070143818855286,0.6188231110572815,-0.7923203110694885,0.13677747547626495,0.594575822353363,-0.5050147771835327,-0.6938461661338806,-0.5133590698242188
410,1648560442.89923,41.623287200927734,-94.49212646484375,1602.849365234375,0.2974749505519867,0.5632324814796448,-0.7708941698074341,-0.8234646916389465,-0.25723564624786377,-0.5057031512260437,-0.48312991857528687,0.7852381467819214,0.3872809112071991
300,1648560442.9323142,78.12516784667969,-55.29109573364258,1837.265380859375,0.8749400973320007,-0.012075127102434635,-0.48408055305480957,-0.06920942664146423,0.9863071441650391,-0.14969386160373688,0.4792596697807312,0.16447611153125763,0.862123966217041
4,1648560442.9323392,-14.19782543182373,-17.153522491455078,1658.4495849609375,0.3437027335166931,-0.7055941224098206,0.6196816563606262,-0.7918698191642761,0.13694526255130768,0.5951371788978577,-0.5047877430915833,-0.6952574253082275,-0.5116702318191528
410,1648560442.9323578,41.68308639526367,-93.60760498046875,1603.221923828125,0.2980029582977295,0.5649716854095459,-0.7694161534309387,-0.8236819505691528,-0.2551755905151367,-0.5063925981521606,-0.4824337065219879,0.7846606969833374,0.3893139064311981
300,1648560442.980294,78.1386947631836,-55.302635192871094,1837.252197265625,0.8747321367263794,-0.011963404715061188,-0.4844590127468109,-0.06910926103591919,0.986397922039032,-0.14914114773273468,0.47965359687805176,0.16393916308879852,0.862007200717926
4,1648560442.9803212,-14.053566932678223,-17.16314125061035,1658.470947265625,0.34393975138664246,-0.7060287594795227,0.6190548539161682,-0.7933047413825989,0.13423272967338562,0.5938427448272705,-0.5023674368858337,-0.6953452229499817,-0.5139279365539551
410,1648560442.980342,41.8997802734375,-93.73601531982422,1602.831787109375,0.2965492606163025,0.5642476081848145,-0.770508348941803,-0.8239716291427612,-0.2567327618598938,-0.5051327347755432,-0.48283469676971436,0.7846737504005432,0.3887901306152344
300,1648560443.0121024,78.15515899658203,-55.30730438232422,1837.2720947265625,0.8745756149291992,-0.012000713497400284,-0.48474064469337463,-0.06904270499944687,0.9864255785942078,-0.14898869395256042,0.47994858026504517,0.1637696921825409,0.8618751764297485
4,1648560443.0121295,-14.06131362915039,-17.149620056152344,1658.4588623046875,0.34440919756889343,-0.7071139216423035,0.6175534129142761,-0.7915436029434204,0.1349949836730957,0.596015989780426,-0.5048178434371948,-0.6940938234329224,-0.5132179856300354
410,1648560443.0121503,41.797428131103516,-93.89483642578125,1602.7806396484375,0.296444833278656,0.5648301839828491,-0.7701216340065002,-0.822620153427124,-0.25865086913108826,-0.5063554644584656,-0.4851974844932556,0.783623993396759,0.38796496391296387
300,1648560443.055309,78.14659118652344,-55.311431884765625,1837.257568359375,0.8743187189102173,-0.011981692165136337,-0.4852043092250824,-0.06922946125268936,0.9863946437835693,-0.14910687506198883,0.48038947582244873,0.1639573574066162,0.8615938425064087
4,1648560443.0553362,-14.263190269470215,-17.238977432250977,1658.4080810546875,0.3422907292842865,-0.7075082063674927,0.618279218673706,-0.7925300002098083,0.1360643059015274,0.5944600105285645,-0.5047110915184021,-0.6934829950332642,-0.514147937297821
410,1648560443.055355,41.60786819458008,-93.49596405029297,1602.890869140625,0.2964814305305481,0.566512942314148,-0.76887047290802,-0.8232836723327637,-0.25643190741539,-0.5064055919647217,-0.4840482771396637,0.7831383943557739,0.3903735876083374
300,1648560443.0867941,78.13677215576172,-55.31306838989258,1837.2427978515625,0.8745832443237305,-0.011801118031144142,-0.4847317636013031,-0.0691717341542244,0.9864420890808105,-0.14881953597068787,0.4799160659313202,0.16368481516838074,0.8619094491004944
4,1648560443.0868208,-14.26977252960205,-17.210542678833008,1658.404296875,0.3426625728607178,-0.7066251039505005,0.6190826892852783,-0.7930898070335388,0.13565018773078918,0.5938076376914978,-0.5035780668258667,-0.694463849067688,-0.5139349102973938
410,1648560443.086841,41.490394592285156,-93.41364288330078,1603.191162109375,0.2988929748535156,0.5666879415512085,-0.7678070664405823,-0.8226169943809509,-0.2548176944255829,-0.5083003044128418,-0.4836984872817993,0.7835385799407959,0.3900039494037628
300,1648560443.1318698,78.12970733642578,-55.31383514404297,1837.2315673828125,0.8743128776550293,-0.01177102979272604,-0.48521995544433594,-0.0691819041967392,0.9864761233329773,-0.14858925342559814,0.4804069399833679,0.1634819507598877,0.861674427986145
4,1648560443.1318953,-14.245933532714844,-17.13953971862793,1658.3905029296875,0.3431450128555298,-0.7084528207778931,0.6167221069335938,-0.7921604514122009,0.13453161716461182,0.5953008532524109,-0.5047111511230469,-0.6928173303604126,-0.5150443911552429
410,1648560443.1319137,41.52372741699219,-93.40188598632812,1603.220458984375,0.29833242297172546,0.5668684244155884,-0.7678918838500977,-0.8230240941047668,-0.254639595746994,-0.50773024559021,-0.4833519160747528,0.7834659218788147,0.39057913422584534
300,1648560443.165422,78.14171600341797,-55.30891036987305,1837.2255859375,0.8742047548294067,-0.01190477330237627,-0.48541146516799927,-0.069118931889534,0.9864678382873535,-0.1486734002828598,0.48061272501945496,0.1635221242904663,0.8615520596504211
4,1648560443.1654487,-14.0621976852417,-17.084909439086914,1658.480712890625,0.3449442684650421,-0.7079682350158691,0.6162746548652649,-0.7918791174888611,0.13299690186977386,0.5960195660591125,-0.5039255619049072,-0.6936085224151611,-0.514748752117157
410,1648560443.1654677,41.384246826171875,-93.06291198730469,1603.054931640625,0.2981026768684387,0.5712933540344238,-0.7646951675415039,-0.821881115436554,-0.2537927031517029,-0.5100006461143494,-0.48543405532836914,0.7805210947990417,0.3938789367675781
300,1648560443.2080965,78.1629638671875,-55.30851364135742,1837.2080078125,0.8743408918380737,-0.012062115594744682,-0.4851623475551605,-0.0691240206360817,0.9864035844802856,-0.14909663796424866,0.4803643226623535,0.16389766335487366,0.861619234085083
4,1648560443.2081246,-14.11539077758789,-17.18486785888672,1658.581298828125,0.34454989433288574,-0.707750678062439,0.6167449355125427,-0.7924137115478516,0.13299553096294403,0.5953088998794556,-0.5033546090126038,-0.6938307881355286,-0.5150077939033508
410,1648560443.2081451,41.146484375,-92.7639389038086,1602.8319091796875,0.29662325978279114,0.5739322900772095,-0.7632931470870972,-0.8213616609573364,-0.2544463872909546,-0.510511577129364,-0.4872162342071533,0.7783693075180054,0.3959312438964844
300,1648560443.241199,78.15203094482422,-55.29952621459961,1837.2142333984375,0.8742958307266235,-0.012071209028363228,-0.4852433502674103,-0.06918995827436447,0.9863830208778381,-0.14920209348201752,0.48043686151504517,0.16402073204517365,0.8615553379058838
4,1648560443.2412245,-14.163673400878906,-17.13334083557129,1658.5155029296875,0.3437790870666504,-0.707026481628418,0.6180044412612915,-0.7922410368919373,0.1349554806947708,0.5950976610183716,-0.5041528344154358,-0.6941906213760376,-0.5137404799461365
410,1648560443.2412534,40.9349365234375,-92.67683410644531,1602.873779296875,0.29648837447166443,0.5725650787353516,-0.7643715739250183,-0.8209686875343323,-0.2561314105987549,-0.5103009939193726,-0.4879600703716278,0.7788234353065491,0.3941180109977722
300,1648560443.284918,78.1328125,-55.296451568603516,1837.2230224609375,0.8742911219596863,-0.01238667219877243,-0.4852438271045685,-0.06929481029510498,0.9862504005432129,-0.1500280797481537,0.4804302453994751,0.16479310393333435,0.8614116311073303
4,1648560443.2849457,-14.384676933288574,-17.111736297607422,1658.358642578125,0.3416866660118103,-0.7082077264785767,0.6178122758865356,-0.7919397950172424,0.13699761033058167,0.5950319170951843,-0.5060450434684753,-0.6925846338272095,-0.5140476226806641
410,1648560443.2849643,40.771305084228516,-92.50137329101562,1602.75439453125,0.2961709201335907,0.5703405737876892,-0.7661556601524353,-0.8217722177505493,-0.2566654086112976,-0.5087369680404663,-0.4867989718914032,0.7802785038948059,0.39267316460609436
300,1648560443.3163192,78.11393737792969,-55.306392669677734,1837.2320556640625,0.8742766380310059,-0.012116068974137306,-0.4852767586708069,-0.06939996778964996,0.986299455165863,-0.14965654909610748,0.4804414212703705,0.16451941430568695,0.8614577054977417
4,1648560443.3163476,-14.49966812133789,-17.0937442779541,1658.2625732421875,0.3412519693374634,-0.7089184522628784,0.6172371506690979,-0.7918273210525513,0.13703922927379608,0.5951719880104065,-0.5065141320228577,-0.691848874092102,-0.5145761370658875
410,1648560443.3163683,40.45555877685547,-92.39727783203125,1602.711181640625,0.2972453534603119,0.5726765394210815,-0.7639939188957214,-0.820208728313446,-0.25646182894706726,-0.5113560557365417,-0.48877689242362976,0.7786327004432678,0.3934822082519531
300,1648560443.3502622,78.12226104736328,-55.3062858581543,1837.23974609375,0.8746758103370667,-0.011955445632338524,-0.4845609664916992,-0.06922565400600433,0.9863665103912354,-0.14929483830928802,0.47973960638046265,0.1641286313533783,0.8619232773780823
4,1648560443.3502893,-14.438246726989746,-16.994714736938477,1658.260498046875,0.34267479181289673,-0.7089074850082397,0.6164609789848328,-0.7913300395011902,0.13585202395915985,0.5961048603057861,-0.506330668926239,-0.6920942068099976,-0.5144267678260803
410,1648560443.350309,40.468502044677734,-92.43684387207031,1602.779296875,0.2957315444946289,0.5721986889839172,-0.7649388909339905,-0.8202952146530151,-0.25825345516204834,-0.5103145837783813,-0.4895494282245636,0.7783917784690857,0.3929981589317322
300,1648560443.384712,78.14181518554688,-55.306495666503906,1837.2413330078125,0.8743278980255127,-0.012137624435126781,-0.4851838946342468,-0.06920955330133438,0.9863525032997131,-0.14939452707767487,0.48037564754486084,0.16419915854930878,0.8615555167198181
4,1648560443.3847394,-14.38937759399414,-17.0405216217041,1658.3253173828125,0.3417094647884369,-0.7097657918930054,0.6160090565681458,-0.7907978296279907,0.1370212882757187,0.5965433716773987,-0.5078124403953552,-0.6909831166267395,-0.5144597887992859
410,1648560443.3847585,40.51062774658203,-92.39779663085938,1602.73779296875,0.2942274808883667,0.5711277723312378,-0.7663179636001587,-0.8221455812454224,-0.25760918855667114,-0.5076555609703064,-0.4873467683792114,0.7793911695480347,0.3937544524669647
300,1648560443.4160469,78.13687133789062,-55.31192398071289,1837.251220703125,0.8745721578598022,-0.011958865448832512,-0.4847479462623596,-0.06921613961458206,0.9863796234130859,-0.14921258389949799,0.4799298942089081,0.16404955089092255,0.8618323802947998
4,1648560443.4160738,-14.380714416503906,-17.052330017089844,1658.3558349609375,0.34278538823127747,-0.7092604637145996,0.615993320941925,-0.7908957004547119,0.1359574943780899,0.5966570377349854,-0.5069341063499451,-0.6917117834091187,-0.5143467783927917
410,1648560443.4160936,40.541404724121094,-92.37643432617188,1602.7034912109375,0.2919990122318268,0.5713518261909485,-0.767003059387207,-0.8223257064819336,-0.25952666997909546,-0.5063856244087219,-0.48838210105895996,0.7785903811454773,0.39405572414398193
300,1648560443.459352,78.11566162109375,-55.31134796142578,1837.2418212890625,0.8749933242797852,-0.011457432992756367,-0.4839993417263031,-0.06909908354282379,0.9865294098854065,-0.14827361702919006,0.47917839884757996,0.1631823480129242,0.8624149560928345
4,1648560443.4593787,-14.338315963745117,-16.979591369628906,1658.3790283203125,0.3440310060977936,-0.7080361247062683,0.6167069673538208,-0.7911530137062073,0.1351417750120163,0.5965011715888977,-0.5056872367858887,-0.6931244730949402,-0.5136719346046448
410,1648560443.459397,40.4466552734375,-92.27021789550781,1602.9415283203125,0.2949148714542389,0.5714187622070312,-0.7658367156982422,-0.8231837749481201,-0.2550216317176819,-0.5072795152664185,-0.48517394065856934,0.7800285816192627,0.39517295360565186
300,1648560443.4912956,78.11073303222656,-55.3200798034668,1837.2484130859375,0.8747701048851013,-0.011723647825419903,-0.484396368265152,-0.06921063363552094,0.9864330291748047,-0.14886152744293213,0.47956979274749756,0.1637450009584427,0.8620907068252563
4,1648560443.4913225,-14.396681785583496,-17.019805908203125,1658.2926025390625,0.3408457636833191,-0.7096051573753357,0.6166722774505615,-0.7914490699768066,0.1374271959066391,0.5955855846405029,-0.507378101348877,-0.6910674571990967,-0.5147748589515686
410,1648560443.4913433,40.42280960083008,-92.28106689453125,1603.23681640625,0.2942429184913635,0.5698543787002563,-0.7672594785690308,-0.8248971104621887,-0.25400596857070923,-0.5050007104873657,-0.48266535997390747,0.7815030217170715,0.39533179998397827
300,1648560443.5242007,78.1206283569336,-55.315635681152344,1837.23779296875,0.8745741248130798,-0.011620251461863518,-0.4847525954246521,-0.06918934732675552,0.9864925146102905,-0.14847677946090698,0.4799301326274872,0.16339366137981415,0.8619568347930908
4,1648560443.5242267,-14.551667213439941,-17.12257957458496,1658.218994140625,0.34192997217178345,-0.7090595364570618,0.6166996955871582,-0.7914168238639832,0.13656999170780182,0.5958254933357239,-0.5066984295845032,-0.691797137260437,-0.514464259147644
410,1648560443.5242455,40.18841552734375,-91.93987274169922,1603.7637939453125,0.2955341935157776,0.568411648273468,-0.7678331732749939,-0.8255770206451416,-0.2524714469909668,-0.5046590566635132,-0.4807100296020508,0.7830494046211243,0.39465364813804626
300,1648560443.5647173,78.11235809326172,-55.33036804199219,1837.2896728515625,0.8748214840888977,-0.011745973490178585,-0.4843030571937561,-0.06926000118255615,0.9864038825035095,-0.14903149008750916,0.4794689416885376,0.16391877830028534,0.8621137738227844
4,1648560443.5647457,-14.566421508789062,-17.227285385131836,1658.25927734375,0.3396390378475189,-0.7094391584396362,0.6175284385681152,-0.7914971709251404,0.13910621404647827,0.5951316952705383,-0.5081117749214172,-0.6909019351005554,-0.5142731666564941
410,1648560443.564765,39.51994323730469,-90.07818603515625,1605.3433837890625,0.30050867795944214,0.5675650238990784,-0.766527533531189,-0.8249332308769226,-0.24871915578842163,-0.5075667500495911,-0.47872719168663025,0.784862220287323,0.3934609591960907
300,1648560443.6148612,78.13300323486328,-55.3160400390625,1837.2259521484375,0.8746739029884338,-0.012039992958307266,-0.48456230759620667,-0.06920760124921799,0.9863467812538147,-0.1494331955909729,0.47974565625190735,0.16424071788787842,0.8618985414505005
4,1648560443.6148891,-14.798952102661133,-17.22469139099121,1658.2413330078125,0.33967381715774536,-0.7105407118797302,0.6162415146827698,-0.790849506855011,0.13887621462345123,0.5960456728935242,-0.5090960264205933,-0.6898154020309448,-0.5147581696510315
410,1648560443.614909,38.13210678100586,-84.91959381103516,1609.01025390625,0.30705079436302185,0.5634275674819946,-0.7669870853424072,-0.8264090418815613,-0.2418356090784073,-0.5084915161132812,-0.4719829261302948,0.7899777889251709,0.39136582612991333
300,1648560443.6492517,78.11946105957031,-55.30083465576172,1837.2318115234375,0.8746760487556458,-0.012128557078540325,-0.4845562279224396,-0.06933224946260452,0.9862765073776245,-0.1498388797044754,0.4797237515449524,0.16465584933757782,0.861831545829773
4,1648560443.6492786,-14.50581169128418,-17.256465911865234,1658.43896484375,0.34148627519607544,-0.708651602268219,0.6174139976501465,-0.7932717204093933,0.1350085288286209,0.5937109589576721,-0.5040903687477112,-0.6925211548805237,-0.5160497426986694
410,1648560443.6492972,37.561214447021484,-80.8602523803711,1612.101318359375,0.3098627030849457,0.5607947707176208,-0.767785370349884,-0.8261806964874268,-0.24083474278450012,-0.5093369483947754,-0.47054287791252136,0.7921539545059204,0.38869208097457886
300,1648560443.6852696,78.10276794433594,-55.32162094116211,1837.248046875,0.8741474151611328,-0.012454777024686337,-0.48550093173980713,-0.06971434503793716,0.9861003160476685,-0.15081799030303955,0.480631023645401,0.1656835377216339,0.8611288070678711
4,1648560443.6853025,-14.2113676071167,-17.27355194091797,1658.59912109375,0.34372586011886597,-0.7079674005508423,0.6169559359550476,-0.7937320470809937,0.1320631355047226,0.5937581658363342,-0.5018385648727417,-0.6937877535820007,-0.516542911529541
410,1648560443.6853223,36.92110824584961,-77.18648529052734,1614.915283203125,0.31532564759254456,0.5552804470062256,-0.7695670127868652,-0.823973536491394,-0.2420986443758011,-0.5123044848442078,-0.4707837998867035,0.7956455945968628,0.3811964988708496
300,1648560443.7353566,78.1264877319336,-55.31891632080078,1837.2437744140625,0.8747485876083374,-0.011911638081073761,-0.48443061113357544,-0.06932908296585083,0.986336886882782,-0.14944225549697876,0.47959190607070923,0.1643095314502716,0.8619709610939026
4,1648560443.7353845,-13.607044219970703,-17.084640502929688,1658.9859619140625,0.35093599557876587,-0.7032480239868164,0.6182929277420044,-0.7923856973648071,0.1288158893585205,0.5962645411491394,-0.4989677965641022,-0.6991771459579468,-0.5120375156402588
410,1648560443.735405,36.3829460144043,-72.8304443359375,1617.787109375,0.31916478276252747,0.5513326525688171,-0.770821750164032,-0.8226601481437683,-0.2426213026046753,-0.5141645669937134,-0.47049349546432495,0.7982275485992432,0.37612324953079224
300,1648560443.7694058,78.13748168945312,-55.31010818481445,1837.246826171875,0.8745726346969604,-0.012350063771009445,-0.4847372770309448,-0.0694032534956932,0.9861944913864136,-0.1503448486328125,0.4799019992351532,0.16512982547283173,0.8616415858268738
4,1648560443.769432,-13.550863265991211,-17.11249542236328,1658.9554443359375,0.3474489748477936,-0.7052516341209412,0.6179800629615784,-0.7932536005973816,0.13036733865737915,0.5947715044021606,-0.5000279545783997,-0.6968676447868347,-0.5141473412513733
410,1648560443.76945,35.890689849853516,-70.13201904296875,1619.390380859375,0.3220168352127075,0.5502248406410217,-0.7704269886016846,-0.822384774684906,-0.24058912694454193,-0.5155580639839172,-0.4690292179584503,0.7996058464050293,0.3750227987766266
300,1648560443.835388,78.12212371826172,-55.29875183105469,1837.254150390625,0.8746606111526489,-0.0122580761089921,-0.4845808148384094,-0.06920841336250305,0.9862805604934692,-0.14986927807331085,0.479769766330719,0.16462181508541107,0.8618124127388
4,1648560443.8354151,-13.197014808654785,-16.982135772705078,1659.1246337890625,0.3517547845840454,-0.7023183107376099,0.6188840866088867,-0.7928847074508667,0.127903014421463,0.5957975387573242,-0.4975966811180115,-0.7002783417701721,-0.5118669271469116
410,1648560443.8354347,35.236663818359375,-66.56158447265625,1621.6199951171875,0.32683902978897095,0.5476697087287903,-0.7702169418334961,-0.8204212784767151,-0.24013003706932068,-0.5188897252082825,-0.4691323935985565,0.8014957308769226,0.3708359897136688
300,1648560443.8698866,78.09369659423828,-55.31918716430664,1837.2886962890625,0.8749563694000244,-0.011707493104040623,-0.48406022787094116,-0.0692971721291542,0.9863888025283813,-0.1491139680147171,0.4792173504829407,0.16401222348213196,0.8622359037399292
4,1648560443.8699121,-13.102378845214844,-16.99712562561035,1659.2174072265625,0.35324299335479736,-0.6998488306999207,0.6208308935165405,-0.7950752377510071,0.12514574825763702,0.5934593081474304,-0.49302613735198975,-0.7032425999641418,-0.5122256278991699
410,1648560443.8699305,34.93102264404297,-65.08465576171875,1622.373046875,0.32723140716552734,0.5476998686790466,-0.770028829574585,-0.8208664059638977,-0.2388959676027298,-0.518755316734314,-0.4680790305137634,0.8018438220024109,0.3714141547679901
300,1648560443.9354222,78.12036895751953,-55.32950210571289,1837.308349609375,0.8746806383132935,-0.01186872273683548,-0.48455432057380676,-0.06939447671175003,0.9863349199295044,-0.14942502975463867,0.4797063171863556,0.1643245816230774,0.8619044423103333
4,1648560443.9354491,-12.918896675109863,-17.03693199157715,1659.3671875,0.3546387553215027,-0.6983689665794373,0.6217010021209717,-0.794403612613678,0.12561440467834473,0.5942591428756714,-0.49310675263404846,-0.7046288251876831,-0.5102390646934509
410,1648560443.9354725,34.09832763671875,-62.477108001708984,1623.8609619140625,0.328877329826355,0.550031304359436,-0.7676622271537781,-0.8172628283500671,-0.24154916405677795,-0.5231973528862,-0.47320306301116943,0.7994495630264282,0.3700800836086273
300,1648560443.9855647,78.13518524169922,-55.3239860534668,1837.226806640625,0.874613881111145,-0.011517804116010666,-0.4846832752227783,-0.06930463761091232,0.9864804744720459,-0.14850293099880219,0.479841023683548,0.16347353160381317,0.861991286277771
4,1648560443.985593,-12.810795783996582,-16.874771118164062,1659.412353515625,0.35601386427879333,-0.6974673867225647,0.6219271421432495,-0.7924285531044006,0.12741678953170776,0.5965081453323364,-0.4952889084815979,-0.7051979899406433,-0.5073308944702148
410,1648560443.9856124,33.68301773071289,-60.87294387817383,1624.631591796875,0.3267081379890442,0.5471566319465637,-0.770637035369873,-0.8204955458641052,-0.24049915373325348,-0.5186011791229248,-0.4690936207771301,0.801735520362854,0.37036654353141785
300,1648560444.0357795,78.11869812011719,-55.31807327270508,1837.230224609375,0.8745739459991455,-0.011955163441598415,-0.4847447872161865,-0.0692867562174797,0.9863564372062683,-0.14933310449123383,0.47991642355918884,0.16418923437595367,0.8618132472038269
4,1648560444.0358064,-12.761789321899414,-16.888957977294922,1659.384033203125,0.3555617332458496,-0.6975926160812378,0.6220453381538391,-0.7933772802352905,0.12656190991401672,0.5954281091690063,-0.49409347772598267,-0.7052280902862549,-0.5084535479545593
410,1648560444.0358255,33.121307373046875,-59.63355255126953,1625.4874267578125,0.32552382349967957,0.5475467443466187,-0.7708610892295837,-0.81966632604599,-0.24300752580165863,-0.518743097782135,-0.4713611304759979,0.8007121682167053,0.3697008788585663
300,1648560444.085925,78.11526489257812,-55.31587600708008,1837.2462158203125,0.8746108412742615,-0.011965183541178703,-0.48467791080474854,-0.06938755512237549,0.9863148927688599,-0.14956024289131165,0.47983455657958984,0.16443762183189392,0.8618115186691284
4,1648560444.0859523,-12.967485427856445,-17.03221893310547,1659.360107421875,0.35429471731185913,-0.6989417672157288,0.621253252029419,-0.7955456376075745,0.12390321493148804,0.5930894613265991,-0.4915103018283844,-0.7043638229370117,-0.5121418237686157
410,1648560444.085971,32.44477844238281,-58.67887878417969,1626.0596923828125,0.3251088857650757,0.5486843585968018,-0.7702270746231079,-0.818970263004303,-0.24389474093914032,-0.5194256901741028,-0.4728550910949707,0.7996629476547241,0.37006381154060364
300,1648560444.136281,78.13206481933594,-55.31275177001953,1837.2252197265625,0.8745511770248413,-0.01208420842885971,-0.4847826659679413,-0.06922762095928192,0.986339271068573,-0.149473637342453,0.4799664616584778,0.1642826944589615,0.861767590045929
4,1648560444.1363082,-12.908879280090332,-16.982851028442383,1659.413818359375,0.35543307662010193,-0.6974029541015625,0.6223315000534058,-0.7945709824562073,0.1252116709947586,0.5941203236579895,-0.49226441979408264,-0.7056565880775452,-0.5096317529678345
410,1648560444.136327,31.64570426940918,-56.75989532470703,1627.11865234375,0.3234029710292816,0.5485158562660217,-0.7710647583007812,-0.82123863697052,-0.24210484325885773,-0.5166743397712708,-0.4700825810432434,0.8003221750259399,0.3721649944782257
300,1648560444.1865144,78.12440490722656,-55.30611038208008,1837.2362060546875,0.8741397261619568,-0.012290394864976406,-0.4855189919471741,-0.06929130107164383,0.9862973093986511,-0.14972072839736938,0.48070621490478516,0.16451908648014069,0.8613100647926331
300,1648560444.23667,78.11759948730469,-55.3154296875,1837.1988525390625,0.8745798468589783,-0.012159169651567936,-0.4847290813922882,-0.06944340467453003,0.9862390756607056,-0.1500335931777954,0.4798830449581146,0.16487759351730347,0.8617004156112671
300,1648560444.28684,78.12920379638672,-55.318485260009766,1837.2042236328125,0.874558687210083,-0.011861255392432213,-0.484774649143219,-0.06942174583673477,0.9863407611846924,-0.14937378466129303,0.479924738407135,0.16429004073143005,0.8617894053459167
300,1648560444.3370187,78.16146087646484,-55.30741882324219,1837.2203369140625,0.8747899532318115,-0.01198464073240757,-0.4843541085720062,-0.06911613792181015,0.9863829016685486,-0.1492369920015335,0.4795471727848053,0.16402770578861237,0.8620495200157166
300,1648560444.3872225,78.1335220336914,-55.31044006347656,1837.2196044921875,0.8744992613792419,-0.01171016413718462,-0.48488548398017883,-0.06910799443721771,0.9865004420280457,-0.14846180379390717,0.48007825016975403,0.16333919763565063,0.8618846535682678
300,1648560444.4373965,78.14288330078125,-55.31219482421875,1837.1820068359375,0.8746352791786194,-0.011643217876553535,-0.4846417009830475,-0.06891263276338577,0.9865732192993164,-0.14806878566741943,0.47985848784446716,0.16290411353111267,0.8620893359184265
300,1648560444.4875615,78.16635131835938,-55.31039810180664,1837.2120361328125,0.8743895292282104,-0.011940857395529747,-0.48507773876190186,-0.06909321993589401,0.9864462614059448,-0.14882852137088776,0.4802802503108978,0.16364967823028564,0.8617132306098938
300,1648560444.518128,78.16661834716797,-55.307987213134766,1837.18017578125,0.8750872611999512,-0.011458775959908962,-0.48382943868637085,-0.06889789551496506,0.986587643623352,-0.14797933399677277,0.4790358245372772,0.16282965242862701,0.8625608086585999
300,1648560444.5587888,78.1509780883789,-55.30478286743164,1837.20458984375,0.8745030760765076,-0.01205849926918745,-0.4848700165748596,-0.06929608434438705,0.9863288402557373,-0.14951075613498688,0.4800441563129425,0.16434721648693085,0.8617120385169983
300,1648560444.6087158,78.15133666992188,-55.29433059692383,1837.1796875,0.8747403621673584,-0.01206402387470007,-0.48444172739982605,-0.0691060796380043,0.9863671064376831,-0.1493459939956665,0.47963911294937134,0.16411682963371277,0.8619814515113831
300,1648560444.6407745,78.14884948730469,-55.29905700683594,1837.2041015625,0.8751072287559509,-0.011857586912810802,-0.4837837219238281,-0.06906350702047348,0.9864066243171692,-0.14910459518432617,0.4789755046367645,0.16389432549476624,0.8623926639556885
300,1648560444.6795216,78.15894317626953,-55.29386901855469,1837.1976318359375,0.8750888705253601,-0.011764800176024437,-0.48381927609443665,-0.06909818202257156,0.9864252805709839,-0.1489650160074234,0.4790041148662567,0.16378864645957947,0.8623968362808228
300,1648560444.7291746,78.17464447021484,-55.28767776489258,1837.1722412109375,0.8749128580093384,-0.011821984313428402,-0.48413601517677307,-0.06918023526668549,0.9863981604576111,-0.14910656213760376,0.47931361198425293,0.16394789516925812,0.8621945977210999
300,1648560444.7629192,78.18013000488281,-55.28310012817383,1837.1656494140625,0.8746251463890076,-0.012165814638137817,-0.48464709520339966,-0.06911970674991608,0.986343264579773,-0.14949744939804077,0.47984713315963745,0.16425290703773499,0.8618397116661072
300,1648560444.7999253,78.17996978759766,-55.28620529174805,1837.1727294921875,0.8747744560241699,-0.012198797427117825,-0.48437678813934326,-0.06901947408914566,0.9863516092300415,-0.14948852360248566,0.47958940267562866,0.16420017182826996,0.8619931936264038
300,1648560444.8518267,78.19284057617188,-55.279972076416016,1837.1544189453125,0.874515950679779,-0.012107187882065773,-0.4848455786705017,-0.06906477361917496,0.9863916039466858,-0.14920353889465332,0.48005402088165283,0.16396662592887878,0.8617790341377258
300,1648560444.9001875,78.21026611328125,-55.26298904418945,1837.1522216796875,0.8747087121009827,-0.012383010238409042,-0.4844907820224762,-0.0691254511475563,0.9862653017044067,-0.15000814199447632,0.4796940088272095,0.1647040694952011,0.8618388772010803
300,1648560444.9503465,78.20098114013672,-55.269039154052734,1837.154541015625,0.8749054074287415,-0.012335863895714283,-0.48413676023483276,-0.0689205750823021,0.9863293170928955,-0.14968127012252808,0.47936469316482544,0.16432394087314606,0.8620946407318115
300,1648560445.0005856,78.19487762451172,-55.26851272583008,1837.1617431640625,0.8751700520515442,-0.012094899080693722,-0.48366427421569824,-0.06902751326560974,0.9863390922546387,-0.14956754446029663,0.47886598110198975,0.1642831712961197,0.8623794913291931
300,1648560445.050932,78.23399353027344,-55.273780822753906,1837.122802734375,0.8746368288993835,-0.012307909317314625,-0.4846224784851074,-0.06906559318304062,0.9863166809082031,-0.14969757199287415,0.479833722114563,0.16440175473690033,0.861818790435791
300,1648560445.1010654,78.23590087890625,-55.25499725341797,1837.1109619140625,0.8747574687004089,-0.012919309549033642,-0.4843887388706207,-0.06923263520002365,0.9860563278198242,-0.15132667124271393,0.4795896112918854,0.16590964794158936,0.8616657257080078
300,1648560445.1512356,78.22370147705078,-55.262813568115234,1837.1019287109375,0.8747245073318481,-0.01247981283813715,-0.4844598174095154,-0.06909796595573425,0.9862430691719055,-0.15016686916351318,0.4796691834926605,0.16482983529567719,0.861828625202179
300,1648560445.2014265,78.18331909179688,-55.29445266723633,1837.1724853515625,0.8749775886535645,-0.0120176300406456,-0.48401424288749695,-0.06896739453077316,0.9864038825035095,-0.14916743338108063,0.47922617197036743,0.16389936208724976,0.8622524738311768
300,1648560445.2516446,78.1913833618164,-55.29768371582031,1837.117431640625,0.8743788003921509,-0.01230586413294077,-0.48508787155151367,-0.06925157457590103,0.9862808585166931,-0.1498473733663559,0.4802769124507904,0.16461646556854248,0.8615309000015259
300,1648560445.3017323,78.17584991455078,-55.30805206298828,1837.15576171875,0.8743534088134766,-0.011909084394574165,-0.4851435720920563,-0.069117970764637,0.9864513278007507,-0.14878331124782562,0.48034238815307617,0.16362133622169495,0.8616839647293091
4,1648560445.3017743,-13.441208839416504,-16.228620529174805,1659.0206298828125,0.3557295799255371,-0.7010829448699951,0.6180122494697571,-0.7930772304534912,0.12340457737445831,0.5964896082878113,-0.4944542348384857,-0.7023204565048218,-0.5121142864227295
410,1648560445.3017933,32.1790771484375,-57.6060791015625,1626.343505859375,0.3168264329433441,0.5382405519485474,-0.7809725403785706,-0.820112943649292,-0.25818315148353577,-0.510642945766449,-0.47648271918296814,0.8022708892822266,0.35961881279945374
300,1648560445.353733,78.12174987792969,-55.308589935302734,1837.229248046875,0.8750426173210144,-0.012011672370135784,-0.48389679193496704,-0.06930621713399887,0.9862826466560364,-0.14981044828891754,0.47905850410461426,0.1646275818347931,0.8622068762779236
4,1648560445.3537588,-13.379737854003906,-16.057798385620117,1659.12939453125,0.35455381870269775,-0.7028639912605286,0.6166634559631348,-0.7913373112678528,0.12574726343154907,0.5983083248138428,-0.49807310104370117,-0.7001213431358337,-0.5116183161735535
410,1648560445.3537772,35.441627502441406,-65.27557373046875,1621.7664794921875,0.3197930157184601,0.5377099514007568,-0.7801284790039062,-0.8166916370391846,-0.2610006630420685,-0.5146779417991638,-0.4803615212440491,0.8017148375511169,0.35567706823349
300,1648560445.4020822,78.14532470703125,-55.305809020996094,1837.2003173828125,0.8747998476028442,-0.011753260158002377,-0.48434191942214966,-0.06923695653676987,0.9864118099212646,-0.14898985624313354,0.47951170802116394,0.1638706624507904,0.8620991110801697
4,1648560445.4021094,-13.691102027893066,-16.171640396118164,1658.9764404296875,0.35128799080848694,-0.7035632729530334,0.6177341341972351,-0.7903224229812622,0.13091696798801422,0.5985409021377563,-0.5019832849502563,-0.698469340801239,-0.5100522637367249
410,1648560445.402129,38.097145080566406,-73.74303436279297,1615.771240234375,0.3169436454772949,0.5422946214675903,-0.7781152129173279,-0.8138058185577393,-0.26585155725479126,-0.5167621374130249,-0.4871004521846771,0.7970191240310669,0.35706254839897156
300,1648560445.4540846,78.1253890991211,-55.31956481933594,1837.2479248046875,0.8751598596572876,-0.011629381217062473,-0.4836941063404083,-0.0690607950091362,0.9864722490310669,-0.1486710160970688,0.47887977957725525,0.16351521015167236,0.862517774105072
4,1648560445.45411,-14.017657279968262,-16.233566284179688,1658.84228515625,0.34879669547080994,-0.7054101824760437,0.6170392036437988,-0.7910756468772888,0.13143306970596313,0.5974317193031311,-0.5025337934494019,-0.6965068578720093,-0.5121893882751465
410,1648560445.4541287,40.97848892211914,-84.28791046142578,1608.733642578125,0.30607426166534424,0.5443711280822754,-0.7810112833976746,-0.8164457082748413,-0.27183592319488525,-0.5094326734542847,-0.48962733149528503,0.7935775518417358,0.3612475097179413
300,1648560445.5024529,78.10264587402344,-55.31769561767578,1837.287353515625,0.8754509687423706,-0.011665204539895058,-0.4831660985946655,-0.06915590167045593,0.9863980412483215,-0.14911878108978271,0.47833359241485596,0.16395996510982513,0.8627364039421082
4,1648560445.5025163,-14.170232772827148,-16.167383193969727,1658.731689453125,0.34782037138938904,-0.7061507701873779,0.6167431473731995,-0.7908651828765869,0.13231539726257324,0.5975155830383301,-0.5035406947135925,-0.6955887675285339,-0.5124480724334717
410,1648560445.5025375,43.327335357666016,-94.41300964355469,1601.9964599609375,0.29868224263191223,0.5510408878326416,-0.7791936993598938,-0.8185229301452637,-0.2719079852104187,-0.506049633026123,-0.49072304368019104,0.7889359593391418,0.369825541973114
300,1648560445.535647,78.11293029785156,-55.31221389770508,1837.2430419921875,0.8748872876167297,-0.012135786935687065,-0.48417454957962036,-0.06944399327039719,0.9862133860588074,-0.15020231902599335,0.479322224855423,0.16503311693668365,0.8619827628135681
4,1648560445.5356736,-14.328104972839355,-16.19248390197754,1658.7666015625,0.3483431935310364,-0.7068140506744385,0.615687370300293,-0.7884663939476013,0.13427181541919708,0.6002431511878967,-0.5069297552108765,-0.6945394277572632,-0.5105264186859131
410,1648560445.5356922,45.02730941772461,-101.44631958007812,1597.5445556640625,0.2938688099384308,0.556416392326355,-0.7772013545036316,-0.8196995854377747,-0.27154016494750977,-0.5043397545814514,-0.49166426062583923,0.7852813005447388,0.37629708647727966
300,1648560445.5772517,78.09738159179688,-55.32212829589844,1837.27978515625,0.8752192258834839,-0.011594832874834538,-0.48358747363090515,-0.06936823576688766,0.9863714575767517,-0.1491958200931549,0.4787268042564392,0.16412465274333954,0.8624869585037231
4,1648560445.5772796,-14.669381141662598,-16.30093765258789,1658.4954833984375,0.34397754073143005,-0.7093155384063721,0.6152649521827698,-0.7905290126800537,0.13482646644115448,0.597399115562439,-0.506698489189148,-0.6918766498565674,-0.5143572092056274
410,1648560445.5772986,46.67026901245117,-109.6419677734375,1592.354736328125,0.285269170999527,0.5584320425987244,-0.778957724571228,-0.8231078386306763,-0.2736397087574005,-0.49760910868644714,-0.4910346269607544,0.7831187844276428,0.38158878684043884
300,1648560445.6271856,78.11463165283203,-55.317378997802734,1837.2642822265625,0.8751498460769653,-0.011887870728969574,-0.48370593786239624,-0.06938730925321579,0.98628169298172,-0.14977918565273285,0.4788508713245392,0.16464228928089142,0.8623194098472595
4,1648560445.6272132,-15.015015602111816,-16.205509185791016,1658.17138671875,0.34136801958084106,-0.711214542388916,0.6145256161689758,-0.7889814376831055,0.13852445781230927,0.5985977053642273,-0.5108582377433777,-0.689191460609436,-0.5138472318649292
410,1648560445.627247,47.834590911865234,-117.0751953125,1587.107177734375,0.2829606235027313,0.5675137639045715,-0.7732149958610535,-0.8220166563987732,-0.2718794047832489,-0.5003700852394104,-0.494188129901886,0.7771806120872498,0.3895745873451233
300,1648560445.6615887,78.08953094482422,-55.327064514160156,1837.2679443359375,0.8754408955574036,-0.011579168029129505,-0.4831864535808563,-0.06926963478326797,0.9863866567611694,-0.14914120733737946,0.47833558917045593,0.16403447091579437,0.8627211451530457
4,1648560445.6616147,-15.13191032409668,-16.112396240234375,1658.019287109375,0.34103262424468994,-0.7111653089523315,0.6147687435150146,-0.7877785563468933,0.1406315565109253,0.5996896624565125,-0.5129343867301941,-0.6888154149055481,-0.5122808218002319
410,1648560445.6616333,48.14780807495117,-119.42234802246094,1584.940673828125,0.280466765165329,0.5718384385108948,-0.770933985710144,-0.8221837878227234,-0.2713485658168793,-0.5003836750984192,-0.49533042311668396,0.7741904258728027,0.39405199885368347
300,1648560445.697925,78.08053588867188,-55.33671569824219,1837.2861328125,0.8752448558807373,-0.01161198690533638,-0.48354074358940125,-0.06943488866090775,0.9863405823707581,-0.1493687927722931,0.4786703288555145,0.16430886089801788,0.8624832034111023
4,1648560445.6979525,-15.446098327636719,-16.1701602935791,1657.90087890625,0.3395244777202606,-0.7133243083953857,0.6130999326705933,-0.7870436906814575,0.14147643744945526,0.6004554033279419,-0.5150586366653442,-0.6864057183265686,-0.5133826732635498
410,1648560445.6979713,47.41005325317383,-118.99371337890625,1584.4298095703125,0.27737152576446533,0.5743063688278198,-0.7702189683914185,-0.8214170932769775,-0.2740645706653595,-0.5001626014709473,-0.4983362853527069,0.7714018821716309,0.39572733640670776
300,1648560445.7496288,78.09074401855469,-55.325645446777344,1837.2442626953125,0.8748827576637268,-0.011406953446567059,-0.48420044779777527,-0.06925218552350998,0.9865042567253113,-0.1483694463968277,0.4793582558631897,0.1633377969264984,0.8622855544090271
4,1648560445.7496545,-15.960399627685547,-16.42410659790039,1657.7469482421875,0.33362922072410583,-0.7165480256080627,0.6125769019126892,-0.7895398139953613,0.1426638811826706,0.5968868136405945,-0.5150906443595886,-0.6827927231788635,-0.5181463956832886
410,1648560445.7496727,45.41853713989258,-114.65306854248047,1586.8848876953125,0.27706781029701233,0.5744359493255615,-0.7702316045761108,-0.8182526230812073,-0.2791503965854645,-0.5025312900543213,-0.5036824941635132,0.7694792747497559,0.39269012212753296
300,1648560445.782201,78.08435821533203,-55.334293365478516,1837.25537109375,0.8748552799224854,-0.011453558690845966,-0.4842489957809448,-0.06928189843893051,0.9864826798439026,-0.1484987586736679,0.479404091835022,0.16346460580825806,0.8622360825538635
4,1648560445.782227,-16.132335662841797,-16.439537048339844,1657.6207275390625,0.3311806619167328,-0.7174648642539978,0.6128324270248413,-0.789523184299469,0.14494545757770538,0.5963589549064636,-0.5166938304901123,-0.6813479661941528,-0.518451988697052
410,1648560445.782246,43.898189544677734,-109.93922424316406,1589.6470947265625,0.27891406416893005,0.5696770548820496,-0.7730944752693176,-0.8173828125,-0.2817409038543701,-0.5025011897087097,-0.5040757060050964,0.7720687389373779,0.3870627284049988
300,1648560445.8181834,78.09125518798828,-55.33467483520508,1837.2371826171875,0.8744489550590515,-0.011889368295669556,-0.4849718511104584,-0.06945934146642685,0.9863308072090149,-0.1494220644235611,0.4801192283630371,0.1643477827310562,0.8616700768470764
4,1648560445.8182113,-16.26364517211914,-16.342130661010742,1657.4521484375,0.33084526658058167,-0.718183159828186,0.6121718287467957,-0.7878934741020203,0.1468164622783661,0.5980542302131653,-0.5193893909454346,-0.6801895499229431,-0.517278254032135
410,1648560445.8182313,42.19774627685547,-103.57886505126953,1593.3116455078125,0.282439649105072,0.5655838251113892,-0.7748178839683533,-0.8158385753631592,-0.28325510025024414,-0.5041567087173462,-0.504613995552063,0.7745201587677002,0.38142260909080505
300,1648560445.8681176,78.07774353027344,-55.32815170288086,1837.2606201171875,0.875293493270874,-0.011681446805596352,-0.4834510087966919,-0.06932023167610168,0.98635333776474,-0.14933794736862183,0.4785979986190796,0.1642274558544159,0.8625388741493225
4,1648560445.8681462,-16.071537017822266,-16.10309600830078,1657.4591064453125,0.33417433500289917,-0.7180976867675781,0.6104615330696106,-0.7854464054107666,0.1458289474248886,0.6015046834945679,-0.5209620594978333,-0.6804922223091125,-0.5152949094772339
410,1648560445.868165,40.03192901611328,-94.08241271972656,1599.0135498046875,0.28799134492874146,0.5626709461212158,-0.7748950719833374,-0.8143256902694702,-0.28190892934799194,-0.5073469877243042,-0.503919243812561,0.7771285772323608,0.3770100772380829
300,1648560445.899536,78.06439208984375,-55.32670974731445,1837.291015625,0.8754853010177612,-0.011629880405962467,-0.4831048250198364,-0.06951149553060532,0.9862831234931946,-0.14971211552619934,0.47821930050849915,0.16465209424495697,0.862667977809906
4,1648560445.8995624,-15.85835075378418,-16.058992385864258,1657.5771484375,0.3335750102996826,-0.716754674911499,0.6123645901679993,-0.7877804040908813,0.1448570340871811,0.5986806154251099,-0.5178124904632568,-0.6821137070655823,-0.5163246393203735
410,1648560445.8995817,38.766841888427734,-88.97555541992188,1602.61083984375,0.291389524936676,0.5601988434791565,-0.7754155993461609,-0.8133520483970642,-0.2815922796726227,-0.5090817213058472,-0.5035380721092224,0.779026985168457,0.37358585000038147
300,1648560445.9699068,78.0659408569336,-55.33432388305664,1837.3470458984375,0.8751314282417297,-0.01144641824066639,-0.4837499260902405,-0.06938129663467407,0.9864220023155212,-0.1488553136587143,0.4788854122161865,0.16383115947246552,0.8624547123908997
4,1648560445.9699328,-15.655423164367676,-16.233386993408203,1657.867919921875,0.33614909648895264,-0.7150783538818359,0.6129165887832642,-0.7888952493667603,0.14168992638587952,0.5979701280593872,-0.514439582824707,-0.6845340728759766,-0.5164929628372192
410,1648560445.9699512,35.917266845703125,-78.82293701171875,1610.3538818359375,0.2967054843902588,0.5506718754768372,-0.7802091836929321,-0.8142634630203247,-0.2809721529483795,-0.5079662203788757,-0.49893978238105774,0.7860121726989746,0.36502599716186523
300,1648560446.0041137,78.04949951171875,-55.35066223144531,1837.37744140625,0.8752933740615845,-0.011127937585115433,-0.48346424102783203,-0.06934373825788498,0.9865156412124634,-0.14825087785720825,0.47859475016593933,0.16328823566436768,0.862718939781189
4,1648560446.0041406,-15.514217376708984,-16.28376579284668,1658.0394287109375,0.33933162689208984,-0.7118681073188782,0.6148965954780579,-0.7874122262001038,0.1426592916250229,0.5996918678283691,-0.5146222114562988,-0.6876715421676636,-0.5121248364448547
410,1648560446.00416,34.7740592956543,-74.41931915283203,1613.2344970703125,0.29755422472953796,0.5488080978393555,-0.7811985015869141,-0.8141586184501648,-0.28147923946380615,-0.5078535079956055,-0.49860528111457825,0.7871334552764893,0.3630615174770355
300,1648560446.0448427,78.07000732421875,-55.339786529541016,1837.32421875,0.8749862909317017,-0.011137953028082848,-0.48401954770088196,-0.06921571493148804,0.986588180065155,-0.14782746136188507,0.4791744351387024,0.16284875571727753,0.8624802231788635
4,1648560446.0448673,-15.412981033325195,-16.253969192504883,1658.0308837890625,0.33797967433929443,-0.7138587832450867,0.6133313775062561,-0.7878687977790833,0.14186766743659973,0.5992798209190369,-0.5148130655288696,-0.6857690811157227,-0.5144786834716797
410,1648560446.0448859,33.177242279052734,-68.53814697265625,1616.938720703125,0.3009001910686493,0.5470114946365356,-0.7811769843101501,-0.8142275810241699,-0.27908942103385925,-0.5090605020523071,-0.49648016691207886,0.7892322540283203,0.36141377687454224
300,1648560446.093034,78.08809661865234,-55.32660675048828,1837.2548828125,0.8750566840171814,-0.011777188628911972,-0.48387712240219116,-0.06948627531528473,0.9862918257713318,-0.1496664583683014,0.47900670766830444,0.16458944976329803,0.8622429370880127
4,1648560446.093061,-15.448229789733887,-16.29829216003418,1658.007568359375,0.33885377645492554,-0.7149873971939087,0.6115317940711975,-0.7902621030807495,0.13642165064811707,0.5973901152610779,-0.5105525851249695,-0.6856982707977295,-0.5188004374504089
410,1648560446.0930805,30.9304141998291,-62.31413269042969,1621.5682373046875,0.30387264490127563,0.5459864735603333,-0.7807433605194092,-0.814322829246521,-0.27651330828666687,-0.5103123784065247,-0.49450957775115967,0.79084712266922,0.36058443784713745
300,1648560446.1262422,78.07383728027344,-55.33380889892578,1837.2855224609375,0.8752397298812866,-0.011608977802097797,-0.4835500121116638,-0.06930691748857498,0.9863859415054321,-0.1491285264492035,0.47869816422462463,0.1640365719795227,0.8625196218490601
4,1648560446.1262672,-15.042724609375,-16.205867767333984,1658.15234375,0.34217554330825806,-0.7121936678886414,0.6129405498504639,-0.7907222509384155,0.1341501772403717,0.5972956418991089,-0.5076162815093994,-0.6890456676483154,-0.5172444581985474
410,1648560446.1262856,30.251590728759766,-58.64173889160156,1624.22314453125,0.3031298816204071,0.5440932512283325,-0.782352089881897,-0.8167818784713745,-0.2745712399482727,-0.5074228644371033,-0.49089673161506653,0.7928260564804077,0.3611747622489929
300,1648560446.163852,78.1186294555664,-55.31351852416992,1837.1990966796875,0.8748270869255066,-0.011683285236358643,-0.4842943847179413,-0.06931659579277039,0.986403226852417,-0.14900949597358704,0.4794504940509796,0.16392718255519867,0.8621224164962769
4,1648560446.1638799,-15.005062103271484,-16.283313751220703,1658.2001953125,0.3418745696544647,-0.7150492072105408,0.6097756624221802,-0.7935338616371155,0.12793783843517303,0.5949251651763916,-0.5034141540527344,-0.6872674226760864,-0.5236770510673523
410,1648560446.1638994,28.945919036865234,-54.319366455078125,1627.3551025390625,0.3074342906475067,0.540941059589386,-0.7828581929206848,-0.816702127456665,-0.27221348881721497,-0.5088196992874146,-0.48834601044654846,0.7957905530929565,0.35809993743896484
300,1648560446.2136486,78.16429901123047,-55.28276062011719,1837.1640625,0.8747792840003967,-0.011885526590049267,-0.4843757748603821,-0.06907280534505844,0.9864293932914734,-0.14894983172416687,0.4795728325843811,0.16375543177127838,0.8620870113372803
300,1648560446.2474408,78.12718963623047,-55.313758850097656,1837.2421875,0.8752531409263611,-0.011704417876899242,-0.4835234582424164,-0.06919478625059128,0.9863935112953186,-0.14913055300712585,0.47868987917900085,0.1639842838048935,0.8625341653823853
300,1648560446.2841437,78.169189453125,-55.30189514160156,1837.1656494140625,0.8750656843185425,-0.012024794705212116,-0.4838548004627228,-0.06930622458457947,0.9862761497497559,-0.14985336363315582,0.47901639342308044,0.16466568410396576,0.8622230291366577
300,1648560446.3341973,78.14250183105469,-55.311275482177734,1837.1444091796875,0.8752730488777161,-0.011637602932751179,-0.48348909616470337,-0.06928226351737976,0.9863820672035217,-0.14916576445102692,0.4786408841609955,0.16405798494815826,0.8625473380088806
300,1648560446.3842275,78.13500213623047,-55.31699752807617,1837.168701171875,0.8753700256347656,-0.011696563102304935,-0.48331207036972046,-0.06918960809707642,0.9863853454589844,-0.1491868942975998,0.4784769117832184,0.164033904671669,0.8626428842544556
300,1648560446.4364069,78.12142944335938,-55.306461334228516,1837.2154541015625,0.8750509023666382,-0.01209423877298832,-0.48387983441352844,-0.06931931525468826,0.986251711845398,-0.15000809729099274,0.47904154658317566,0.16480693221092224,0.8621820211410522
410,1648560446.4364324,29.771068572998047,-52.513248443603516,1630.5546875,0.31269487738609314,0.524573802947998,-0.7918612360954285,-0.818050742149353,-0.2749413847923279,-0.5051735043525696,-0.4827162027359009,0.8057478070259094,0.3431552052497864
300,1648560446.4847796,78.13365173339844,-55.3126106262207,1837.19921875,0.8753663301467896,-0.011736985296010971,-0.48331770300865173,-0.06919188052415848,0.9863724708557129,-0.1492709368467331,0.47848325967788696,0.16410841047763824,0.8626251816749573
410,1648560446.484807,30.297496795654297,-53.06367874145508,1631.228515625,0.31523969769477844,0.518545389175415,-0.794817328453064,-0.8186691403388977,-0.2750222682952881,-0.5041266083717346,-0.4800049960613251,0.8096131086349487,0.3378191888332367
300,1648560446.536684,78.1025619506836,-55.33114242553711,1837.24169921875,0.8748542666435242,-0.01159835048019886,-0.4842473566532135,-0.06937143951654434,0.9864077568054199,-0.14895404875278473,0.47939297556877136,0.1639060080051422,0.862158477306366
4,1648560446.5367103,-14.155165672302246,-16.451841354370117,1659.2030029296875,0.3507424592971802,-0.7108751535415649,0.6096197962760925,-0.7954761981964111,0.11734865605831146,0.594514012336731,-0.49416330456733704,-0.6934593319892883,-0.5243250727653503
410,1648560446.5367289,31.293115615844727,-54.622013092041016,1630.7791748046875,0.317640483379364,0.5134121179580688,-0.7971903681755066,-0.8211486339569092,-0.27146512269973755,-0.5020174980163574,-0.47415125370025635,0.8140729069709778,0.3353593647480011
300,1648560446.5849328,78.09857940673828,-55.33090591430664,1837.234130859375,0.8751314878463745,-0.011903093196451664,-0.4837387800216675,-0.06950303167104721,0.9862391352653503,-0.15000572800636292,0.47886765003204346,0.16489605605602264,0.8622615933418274
4,1648560446.5849757,-14.27961254119873,-16.588613510131836,1659.28369140625,0.35207870602607727,-0.7127519249916077,0.6066508293151855,-0.7957605719566345,0.11327923089265823,0.594922661781311,-0.49275320768356323,-0.6922084093093872,-0.5272966623306274
410,1648560446.5849955,32.51621627807617,-57.797550201416016,1628.9735107421875,0.316654235124588,0.5150650143623352,-0.7965162396430969,-0.8196685910224915,-0.2740153670310974,-0.5030497312545776,-0.4773609936237335,0.8121721744537354,0.33541449904441833
300,1648560446.6369858,78.07940673828125,-55.337677001953125,1837.2593994140625,0.8756640553474426,-0.011159238405525684,-0.48279181122779846,-0.06914426386356354,0.9865353107452393,-0.1482132226228714,0.47794511914253235,0.16316728293895721,0.8631018996238708
4,1648560446.637011,-14.331428527832031,-16.785120010375977,1659.41748046875,0.34914347529411316,-0.7159512639045715,0.6045764088630676,-0.7975364327430725,0.11168842762708664,0.5928417444229126,-0.4919699728488922,-0.6891584992408752,-0.5320019721984863
410,1648560446.6370296,34.17702102661133,-63.007354736328125,1625.759033203125,0.3156817853450775,0.5143709182739258,-0.7973503470420837,-0.8170194029808044,-0.2799714207649231,-0.5040786862373352,-0.48251873254776,0.8105791211128235,0.3318691551685333
300,1648560446.6853397,78.0401840209961,-55.358909606933594,1837.3331298828125,0.8755512833595276,-0.01113184355199337,-0.4829968810081482,-0.06940960139036179,0.9864648580551147,-0.14855757355690002,0.47811317443847656,0.16359439492225647,0.8629279732704163
4,1648560446.6853676,-14.354403495788574,-16.755083084106445,1659.425537109375,0.3486190736293793,-0.7145067453384399,0.6065846085548401,-0.7956188321113586,0.11650069802999496,0.5944899320602417,-0.49543458223342896,-0.6898606419563293,-0.5278606414794922
410,1648560446.685387,36.73986053466797,-70.4809799194336,1620.6904296875,0.3120887875556946,0.5186383128166199,-0.79599928855896,-0.8154885172843933,-0.2836146056652069,-0.5045207738876343,-0.48742082715034485,0.80658358335495,0.33443063497543335
300,1648560446.7373009,78.03218841552734,-55.35341262817383,1837.3109130859375,0.8753440976142883,-0.011298690922558308,-0.4833684265613556,-0.06931861490011215,0.9864664673805237,-0.1485893875360489,0.47850561141967773,0.1635732799768448,0.862714409828186
4,1648560446.7373264,-14.45277214050293,-16.583005905151367,1659.274169921875,0.34956616163253784,-0.7131807208061218,0.6075991988182068,-0.7930065393447876,0.1201382577419281,0.5972498655319214,-0.4989430010318756,-0.6906085014343262,-0.5235607028007507
410,1648560446.7373447,39.20690155029297,-78.81089782714844,1614.539306640625,0.3079639971256256,0.5270175337791443,-0.7920926213264465,-0.8146616816520691,-0.2839517891407013,-0.50566565990448,-0.4914107918739319,0.8010143041610718,0.3418940603733063
300,1648560446.7856786,78.00779724121094,-55.36133575439453,1837.326416015625,0.8752081990242004,-0.011131586506962776,-0.4836183786392212,-0.06937562674283981,0.9865125417709351,-0.14825649559497833,0.4787459373474121,0.16330663859844208,0.862631618976593
4,1648560446.7857065,-14.962693214416504,-16.810583114624023,1659.070068359375,0.34529754519462585,-0.7155870199203491,0.607210636138916,-0.7945524454116821,0.12142617255449295,0.5949302911758423,-0.49945569038391113,-0.6878886818885803,-0.5266432762145996
410,1648560446.785726,40.74311828613281,-86.5291519165039,1608.8671875,0.3021034300327301,0.5379101634025574,-0.787010908126831,-0.8146477341651917,-0.2830667495727539,-0.5061840415000916,-0.49505814909935,0.7940565943717957,0.3526918590068817
300,1648560446.8376675,78.00475311279297,-55.369300842285156,1837.4022216796875,0.8754763603210449,-0.01068029273301363,-0.4831428825855255,-0.06912360340356827,0.9867082834243774,-0.1470670849084854,0.4782918095588684,0.1621503233909607,0.8631014823913574
4,1648560446.8376927,-15.280143737792969,-16.946910858154297,1659.0802001953125,0.3422704041004181,-0.7176715135574341,0.6064639687538147,-0.7943559885025024,0.1237216517329216,0.594719648361206,-0.5018460750579834,-0.685303270816803,-0.5277404189109802
410,1648560446.837711,41.89259338378906,-93.70564270019531,1603.1507568359375,0.29510101675987244,0.551570475101471,-0.7801828980445862,-0.8141326308250427,-0.2822348475456238,-0.5074756145477295,-0.5001034140586853,0.7849289774894714,0.36576375365257263
300,1648560446.8861647,77.99793243408203,-55.36513137817383,1837.397705078125,0.8750919103622437,-0.011240242049098015,-0.48382624983787537,-0.06949543952941895,0.9864504933357239,-0.14861293137073517,0.47894108295440674,0.16367369890213013,0.8624536991119385
4,1648560446.8861918,-15.7251615524292,-17.101110458374023,1658.8994140625,0.3387880027294159,-0.7200126051902771,0.6056439280509949,-0.795343279838562,0.12473060935735703,0.5931874513626099,-0.5026447772979736,-0.6826596260070801,-0.5303999185562134
410,1648560446.886211,43.40494918823242,-101.30554962158203,1598.4693603515625,0.28880834579467773,0.5526982545852661,-0.7817380428314209,-0.8148762583732605,-0.2867111563682556,-0.5037592649459839,-0.5025599002838135,0.7825096249580383,0.36757609248161316
300,1648560446.9381552,77.97589874267578,-55.368282318115234,1837.3448486328125,0.8755776882171631,-0.010717236436903477,-0.4829584062099457,-0.06942068040370941,0.9865854978561401,-0.14774911105632782,0.4780632257461548,0.1628931313753128,0.8630883097648621
4,1648560446.9381807,-16.068532943725586,-17.135608673095703,1658.6630859375,0.335130900144577,-0.7221812009811401,0.6050963401794434,-0.7958574891090393,0.1267566829919815,0.5920672416687012,-0.5042798519134521,-0.6799904704093933,-0.5322732329368591
410,1648560446.938199,45.620357513427734,-111.69139862060547,1591.6824951171875,0.2818315625190735,0.5585138201713562,-0.780149519443512,-0.8165280818939209,-0.2873672842979431,-0.5007014274597168,-0.5038381218910217,0.7781274914741516,0.3750530183315277
300,1648560446.98655,77.96501922607422,-55.37116622924805,1837.37744140625,0.8755422234535217,-0.011005299165844917,-0.4830161929130554,-0.06945522874593735,0.9864891171455383,-0.14837513864040375,0.47812312841415405,0.16345670819282532,0.8629485368728638
4,1648560446.9865787,-16.47311019897461,-17.178443908691406,1658.468505859375,0.33238503336906433,-0.7239456176757812,0.604502260684967,-0.7943509817123413,0.13065321743488312,0.5932421088218689,-0.508455216884613,-0.6773717403411865,-0.5316397547721863
410,1648560446.9865978,48.146095275878906,-123.45952606201172,1583.033447265625,0.27737629413604736,0.5740998983383179,-0.77037113904953,-0.8169772028923035,-0.28100699186325073,-0.503570556640625,-0.5055794715881348,0.7690541744232178,0.39108186960220337
300,1648560447.0386052,77.98036193847656,-55.362037658691406,1837.4107666015625,0.8754549026489258,-0.01115191075950861,-0.48317110538482666,-0.06951744854450226,0.9864319562911987,-0.14872576296329498,0.47827398777008057,0.16379152238368988,0.8628014326095581
4,1648560447.0386379,-16.584957122802734,-17.222965240478516,1658.4149169921875,0.33183979988098145,-0.7257615923881531,0.6026212573051453,-0.7955093383789062,0.12803959846496582,0.5922590494155884,-0.5069982409477234,-0.6759259700775146,-0.5348615050315857
410,1648560447.0386572,50.76789855957031,-138.03469848632812,1573.5499267578125,0.26550841331481934,0.5870431661605835,-0.7647781372070312,-0.8205991983413696,-0.2787938117980957,-0.4988897740840912,-0.5060852766036987,0.7600357532501221,0.40770506858825684
300,1648560447.0868564,77.95365142822266,-55.375205993652344,1837.4381103515625,0.8754634857177734,-0.010765091516077518,-0.48316437005996704,-0.06941787898540497,0.9865837097167969,-0.14776229858398438,0.47827279567718506,0.16290074586868286,0.8629707098007202
4,1648560447.0868833,-16.933002471923828,-17.604766845703125,1658.525146484375,0.32948413491249084,-0.7284657955169678,0.6006478071212769,-0.7975721955299377,0.12571807205677032,0.5899775624275208,-0.5052907466888428,-0.6734482049942017,-0.5395820140838623
410,1648560447.086903,52.793785095214844,-152.99986267089844,1565.23828125,0.25269150733947754,0.5917033553123474,-0.765528678894043,-0.8245017528533936,-0.2823403775691986,-0.4903883635997772,-0.5063040852546692,0.7550967335700989,0.41651543974876404
300,1648560447.1387334,77.9344253540039,-55.38954162597656,1837.436279296875,0.8755588531494141,-0.010859414003789425,-0.48298946022987366,-0.0695214793086052,0.9865095019340515,-0.14820833504199982,0.47808313369750977,0.16334325075149536,0.8629921674728394
4,1648560447.1387582,-17.48146629333496,-18.110389709472656,1658.5172119140625,0.3229765295982361,-0.7297847867012024,0.6025781035423279,-0.8010993599891663,0.12819640338420868,0.5846413373947144,-0.5039107203483582,-0.6715503334999084,-0.5432257056236267
410,1648560447.1387765,53.75138473510742,-167.65634155273438,1555.866455078125,0.24324117600917816,0.6022112965583801,-0.760378360748291,-0.8281705975532532,-0.2791513204574585,-0.48601233959198,-0.504942774772644,0.747941255569458,0.4308325946331024
300,1648560447.187148,77.90302276611328,-55.4051628112793,1837.4703369140625,0.8757368922233582,-0.010666091926395893,-0.4826708137989044,-0.06954555213451385,0.9865419268608093,-0.14798110723495483,0.4777533710002899,0.16316011548042297,0.8632094264030457
4,1648560447.1871758,-17.700023651123047,-18.33235740661621,1658.6929931640625,0.32159122824668884,-0.7269520163536072,0.6067287921905518,-0.8018206357955933,0.13175398111343384,0.5828589200973511,-0.5036494135856628,-0.6739299893379211,-0.5405142307281494
410,1648560447.187195,53.898353576660156,-177.57835388183594,1547.3662109375,0.2403516173362732,0.6222370862960815,-0.7450181841850281,-0.8251246213912964,-0.27329373359680176,-0.49444907903671265,-0.5112733840942383,0.7335744500160217,0.44773656129837036
300,1648560447.2390738,77.91886901855469,-55.3986701965332,1837.4671630859375,0.8757816553115845,-0.010626057162880898,-0.4825904965400696,-0.06948605924844742,0.9865698218345642,-0.14782297611236572,0.4776800274848938,0.16299395263195038,0.8632813692092896
4,1648560447.2390988,-17.577558517456055,-18.49342155456543,1658.967529296875,0.3219631016254425,-0.727649450302124,0.6056946516036987,-0.8032766580581665,0.12865205109119415,0.5815455317497253,-0.5010851621627808,-0.6737766265869141,-0.543082594871521
410,1648560447.2391171,54.16169738769531,-188.20858764648438,1536.1153564453125,0.2283562421798706,0.6498398780822754,-0.7249562740325928,-0.8220446109771729,-0.2702637016773224,-0.5011987090110779,-0.5216282606124878,0.710398256778717,0.4724809527397156
300,1648560447.287419,77.88705444335938,-55.398868560791016,1837.5169677734375,0.8760178089141846,-0.010325830429792404,-0.48216819763183594,-0.06949004530906677,0.986635684967041,-0.14738082885742188,0.4772461950778961,0.1626141220331192,0.8635929226875305
4,1648560447.2874475,-17.574417114257812,-19.099077224731445,1659.64599609375,0.3225255310535431,-0.7307193875312805,0.6016863584518433,-0.8083910942077637,0.11804602295160294,0.5766879916191101,-0.49242374300956726,-0.6723944544792175,-0.5526341795921326
410,1648560447.287467,55.5116081237793,-199.8435516357422,1522.0662841796875,0.20297499001026154,0.6636154651641846,-0.7200108766555786,-0.8334633708000183,-0.2688576579093933,-0.482757031917572,-0.513945460319519,0.6980903148651123,0.4985278248786926
300,1648560447.3203633,77.87324523925781,-55.40856170654297,1837.5594482421875,0.8760194182395935,-0.009878365322947502,-0.48217469453811646,-0.06928493827581406,0.9868413209915161,-0.14609503746032715,0.4772731065750122,0.1613895297050476,0.863807737827301
4,1648560447.3203883,-17.486448287963867,-19.549346923828125,1660.14599609375,0.3235991597175598,-0.7313591241836548,0.6003310680389404,-0.8116846084594727,0.11149498075246811,0.5733558535575867,-0.4862629473209381,-0.6728169918060303,-0.5575532913208008
410,1648560447.3204074,56.48906326293945,-207.69664001464844,1510.4180908203125,0.17891652882099152,0.6726769208908081,-0.7179795503616333,-0.8473048210144043,-0.2655605375766754,-0.45994803309440613,-0.5000634789466858,0.6906397938728333,0.5224491953849792
300,1648560447.358235,77.89185333251953,-55.410980224609375,1837.5225830078125,0.8756273984909058,-0.010226626880466938,-0.4828789234161377,-0.06934889405965805,0.986754298210144,-0.14665159583091736,0.47798261046409607,0.16189926862716675,0.8633198738098145
4,1648560447.3582633,-17.149208068847656,-19.86615753173828,1660.677978515625,0.32676705718040466,-0.7321162223815918,0.5976864695549011,-0.8136428594589233,0.10383016616106033,0.572018027305603,-0.48084157705307007,-0.6732199788093567,-0.5617528557777405
410,1648560447.3582826,54.98779296875,-216.2608184814453,1497.5797119140625,0.15439455211162567,0.6918468475341797,-0.705344021320343,-0.8529626131057739,-0.2669474482536316,-0.4485464096069336,-0.49861523509025574,0.6708852052688599,0.5489042401313782
300,1648560447.4084063,77.9029541015625,-55.402076721191406,1837.5140380859375,0.875922441482544,-0.010249069891870022,-0.4823431074619293,-0.06940534710884094,0.9866978526115417,-0.1470041424036026,0.47743356227874756,0.16224141418933868,0.8635594248771667
4,1648560447.4084346,-16.62044906616211,-20.021181106567383,1661.178955078125,0.33146560192108154,-0.7309525012969971,0.5965223908424377,-0.8160977959632874,0.09512048214673996,0.5700320601463318,-0.4734078347682953,-0.67576664686203,-0.564999520778656
410,1648560447.4084554,50.31900405883789,-227.25611877441406,1484.3084716796875,0.11877953261137009,0.707184910774231,-0.696979820728302,-0.8544279932975769,-0.2847864329814911,-0.4345681369304657,-0.5058104395866394,0.647136926651001,0.5704118013381958
300,1648560447.4411924,77.89685821533203,-55.41374206542969,1837.5623779296875,0.8758865594863892,-0.010254689492285252,-0.4824081063270569,-0.06950801610946655,0.9866649508476257,-0.14717638492584229,0.47748440504074097,0.16244105994701385,0.863493800163269
4,1648560447.4412174,-16.761865615844727,-20.33539390563965,1661.412353515625,0.3306463062763214,-0.7331629395484924,0.5942602157592773,-0.818074107170105,0.09130192548036575,0.5678192377090454,-0.47056108713150024,-0.6738961935043335,-0.5695929527282715
300,1648560447.4792523,77.88350677490234,-55.42531967163086,1837.6292724609375,0.8759026527404785,-0.009737931191921234,-0.4823896288871765,-0.06927241384983063,0.9868999719619751,-0.14570432901382446,0.477489173412323,0.1610390990972519,0.8637537360191345
4,1648560447.4792805,-17.290430068969727,-20.849254608154297,1661.5087890625,0.32699188590049744,-0.7381144165992737,0.5901384949684143,-0.8215410709381104,0.08660627156496048,0.5635331869125366,-0.4670616388320923,-0.6690937876701355,-0.5780717730522156
300,1648560447.5294156,77.86030578613281,-55.4350700378418,1837.676513671875,0.8756020665168762,-0.009386016055941582,-0.4829418957233429,-0.06913088262081146,0.9870836734771729,-0.14452241361141205,0.4780605435371399,0.15993033349514008,0.8636436462402344
4,1648560447.5294437,-17.849328994750977,-21.413188934326172,1661.6136474609375,0.32262709736824036,-0.7448055148124695,0.5841031670570374,-0.8249689340591431,0.08127462863922119,0.5593037605285645,-0.46404531598091125,-0.6623135209083557,-0.5882200002670288
300,1648560447.5638623,77.84102630615234,-55.44023132324219,1837.6937255859375,0.8756374716758728,-0.009785043075680733,-0.4828697741031647,-0.06936026364564896,0.9868831634521484,-0.1457766443490982,0.477962464094162,0.16113947331905365,0.8634731769561768
4,1648560447.5638885,-18.649356842041016,-22.0173282623291,1661.603271484375,0.317278653383255,-0.7503942251205444,0.5798643827438354,-0.8275995254516602,0.07946622371673584,0.5556654930114746,-0.4630478322505951,-0.6561962962150574,-0.595812976360321
300,1648560447.6003587,77.80744934082031,-55.455814361572266,1837.7200927734375,0.8754534721374512,-0.00953851267695427,-0.4832082986831665,-0.06910863518714905,0.9870603680610657,-0.14469222724437714,0.4783358871936798,0.1600651741027832,0.863466203212738
4,1648560447.6003864,-20.266569137573242,-22.94390106201172,1661.2960205078125,0.3054238557815552,-0.7641113996505737,0.5681989192962646,-0.8317432999610901,0.07643305510282516,0.5498736500740051,-0.4635939300060272,-0.6405401825904846,-0.6122000813484192
300,1648560447.6524236,77.76551818847656,-55.47271728515625,1837.751953125,0.8752740621566772,-0.009259121492505074,-0.48353856801986694,-0.06923127919435501,0.9871208071708679,-0.14422059059143066,0.47864633798599243,0.15970852971076965,0.8633602261543274
4,1648560447.6524484,-23.52790641784668,-24.703413009643555,1660.7696533203125,0.2827272415161133,-0.7912346720695496,0.5422295928001404,-0.8416815400123596,0.06647412478923798,0.5358669757843018,-0.46004077792167664,-0.6078888177871704,-0.6471735835075378
300,1648560447.7007422,77.74748229980469,-55.488399505615234,1837.767578125,0.8748908638954163,-0.008987265639007092,-0.4842367172241211,-0.06908297538757324,0.9872885942459106,-0.1431388556957245,0.47936782240867615,0.1586833894252777,0.8631489276885986
4,1648560447.70077,-25.16379165649414,-26.053136825561523,1660.90673828125,0.27217531204223633,-0.8092158436775208,0.5206633806228638,-0.8500397801399231,0.051377419382333755,0.5242067575454712,-0.45094671845436096,-0.5852607488632202,-0.6738819479942322
300,1648560447.7509346,77.70268249511719,-55.49551773071289,1837.89111328125,0.8751212358474731,-0.008884240873157978,-0.48382216691970825,-0.0690934807062149,0.9872930645942688,-0.1431032419204712,0.47894564270973206,0.1586616337299347,0.8633872866630554
4,1648560447.750975,-26.774568557739258,-28.442398071289062,1661.7086181640625,0.2606585919857025,-0.8299049735069275,0.49326953291893005,-0.8631993532180786,0.028481250628829002,0.5040592551231384,-0.43237021565437317,-0.5571773052215576,-0.7089495658874512
300,1648560447.8010392,77.67463684082031,-55.53028106689453,1837.9608154296875,0.8750888705253601,-0.008296601474285126,-0.48389115929603577,-0.06881822645664215,0.9875596165657043,-0.1413860321044922,0.4790444076061249,0.15702587366104126,0.8636314868927002
4,1648560447.801067,-25.389814376831055,-30.82979965209961,1663.2286376953125,0.27029669284820557,-0.8259162306785583,0.4947747588157654,-0.8702793121337891,0.010194411501288414,0.49245306849479675,-0.41176891326904297,-0.5637006759643555,-0.7160223126411438
300,1648560447.8511565,77.65470123291016,-55.535888671875,1837.9932861328125,0.8752029538154602,-0.008475159294903278,-0.48368173837661743,-0.06901967525482178,0.9874300956726074,-0.14219029247760773,0.4788069725036621,0.1578289121389389,0.8636167645454407
4,1648560447.8511832,-23.96857261657715,-35.612709045410156,1663.3824462890625,0.2913651764392853,-0.8145933747291565,0.5015415549278259,-0.8724732995033264,-0.011281006038188934,0.48853155970573425,-0.392296701669693,-0.5799226760864258,-0.7139979004859924
300,1648560447.9667084,77.6387939453125,-55.54473876953125,1838.01123046875,0.8745619058609009,-0.008549576625227928,-0.48483845591545105,-0.06908141076564789,0.9874498248100281,-0.14202308654785156,0.4799678921699524,0.157701313495636,0.862995445728302
4,1648560447.966736,-19.615142822265625,-54.85456466674805,1658.3839111328125,0.34040144085884094,-0.799894392490387,0.4942628741264343,-0.8759921789169312,-0.07875111699104309,0.4758528769016266,-0.34170830249786377,-0.5949514508247375,-0.7275082468986511
300,1648560448.004261,77.62411499023438,-55.53997039794922,1838.0543212890625,0.8748343586921692,-0.008516651578247547,-0.4843473434448242,-0.06899478286504745,0.9874617457389832,-0.1419825404882431,0.4794836938381195,0.1576286405324936,0.863277792930603
4,1648560448.0042884,-17.575820922851562,-64.24765014648438,1657.422607421875,0.3572879135608673,-0.7960829138755798,0.48846423625946045,-0.8763877749443054,-0.10492106527090073,0.4700383245944977,-0.32293927669525146,-0.5960230827331543,-0.7351644039154053
