300,1648560223.850199,77.40895080566406,-55.5386848449707,1839.152587890625,0.8706806898117065,-0.00817088782787323,-0.4917808175086975,-0.06796974688768387,0.9882698655128479,-0.13675805926322937,0.4871295988559723,0.15249881148338318,0.859912097454071
4,1648560223.8502254,-100.58268737792969,-85.43897247314453,1754.2357177734375,-0.005741352681070566,-0.9999651908874512,-0.006056161597371101,-0.9947120547294617,0.00633201515302062,-0.10250750184059143,0.10254228115081787,0.005435605067759752,-0.9947137832641602
410,1648560223.8502433,-58.59476852416992,-183.8173065185547,1756.9239501953125,-0.002407300751656294,0.7511547207832336,-0.6601217985153198,-0.9906558394432068,0.08822613209486008,0.10400547832250595,0.1363641917705536,0.6542038917541504,0.7439234256744385
300,1648560223.8879273,77.40660858154297,-55.52444076538086,1839.1728515625,0.8710029721260071,-0.00841093622148037,-0.49120569229125977,-0.06805692613124847,0.9881472587585449,-0.1375982165336609,0.48654088377952576,0.1532784104347229,0.8601067662239075
4,1648560223.8879545,-100.63983154296875,-85.40926361083984,1754.1600341796875,-0.006134836934506893,-0.9999603629112244,-0.006451883353292942,-0.9947882294654846,0.00675953458994627,-0.10173824429512024,0.1017778217792511,0.005794110242277384,-0.994790256023407
300,1648560223.9377573,77.41069793701172,-55.53436279296875,1839.159423828125,0.8707693815231323,-0.008538139052689075,-0.4916175603866577,-0.06799394637346268,0.9881520867347717,-0.1375948041677475,0.48696771264076233,0.153240367770195,0.8598719835281372
4,1648560223.9377966,-100.84564971923828,-85.4070816040039,1754.2554931640625,-0.009363221935927868,-0.9999183416366577,-0.008696998469531536,-0.9949081540107727,0.010188419371843338,-0.10026922076940536,0.10034964233636856,0.007713872008025646,-0.9949223399162292
410,1648560223.9378164,-58.623329162597656,-183.61807250976562,1757.07080078125,-0.0032480936497449875,0.7497646808624268,-0.6616965532302856,-0.990207850933075,0.08993805944919586,0.10676898062229156,0.13956332206726074,0.6555638909339905,0.7421307563781738
300,1648560223.9874973,77.4053726196289,-55.530609130859375,1839.1688232421875,0.8709226250648499,-0.008376549929380417,-0.49134883284568787,-0.06787493824958801,0.9882211685180664,-0.13715653121471405,0.48671019077301025,0.1528029888868332,0.8600955605506897
4,1648560223.9875264,-101.14590454101562,-85.4041976928711,1754.268310546875,-0.010302957147359848,-0.9998787045478821,-0.011677623726427555,-0.9948440194129944,0.011427984572947025,-0.10077075660228729,0.10089198499917984,0.010579178109765053,-0.9948411583900452
410,1648560223.9875453,-58.653018951416016,-183.3042755126953,1757.2550048828125,-0.0007481524953618646,0.7475718855857849,-0.6641804575920105,-0.9894598126411438,0.09562379121780396,0.10874442011117935,0.14480572938919067,0.6572612524032593,0.7396208047866821
300,1648560224.0406315,77.40835571289062,-55.53265380859375,1839.147216796875,0.8708242177963257,-0.008326640352606773,-0.49152398109436035,-0.0679706558585167,0.9882136583328247,-0.1371631771326065,0.4868728220462799,0.15285423398017883,0.8599944114685059
4,1648560224.0406752,-101.05048370361328,-85.34606170654297,1754.224853515625,-0.012303832918405533,-0.9998660087585449,-0.010796532966196537,-0.9951723217964172,0.013296050019562244,-0.09723811596632004,0.09736864268779755,0.009548009373247623,-0.9952026009559631
410,1648560224.040708,-58.87110900878906,-183.25491333007812,1757.0560302734375,-0.0033218194730579853,0.7493526935577393,-0.662162721157074,-0.9896407127380371,0.0925762802362442,0.10973086953163147,0.14352768659591675,0.6556677222251892,0.7412824034690857
300,1648560224.0875292,77.42351531982422,-55.523155212402344,1839.126220703125,0.870470404624939,-0.008954823017120361,-0.4921393394470215,-0.06803479790687561,0.9880487322807312,-0.1383146345615387,0.4874962568283081,0.15388140082359314,0.8594579100608826
4,1648560224.0875556,-100.79129791259766,-85.36558532714844,1754.252685546875,-0.007463391870260239,-0.9999350905418396,-0.008611446246504784,-0.9951474666595459,0.008272034116089344,-0.09804636985063553,0.09811124205589294,0.007837900891900063,-0.9951446056365967
410,1648560224.0875745,-59.214210510253906,-183.06088256835938,1756.685302734375,-0.005483264569193125,0.7538658380508423,-0.6570054888725281,-0.990179717540741,0.08768853545188904,0.10888007283210754,0.13969281315803528,0.6511505246162415,0.7459818124771118
300,1648560224.1194046,77.42168426513672,-55.53092575073242,1839.103759765625,0.8708193898200989,-0.00803301203995943,-0.4915374517440796,-0.0678999274969101,0.9883179664611816,-0.1364448219537735,0.48689135909080505,0.15219415724277496,0.8601009845733643
4,1648560224.1194303,-100.94501495361328,-85.4064712524414,1754.245361328125,-0.008936777710914612,-0.9999061226844788,-0.010388928465545177,-0.9948634505271912,0.009938354603946209,-0.10073685646057129,0.10083064436912537,0.009435302577912807,-0.9948588609695435
300,1648560224.1506662,77.42364501953125,-55.51823806762695,1839.1025390625,0.8709708452224731,-0.008115114644169807,-0.49126771092414856,-0.06789083778858185,0.9882848262786865,-0.1366891860961914,0.4866216778755188,0.15240487456321716,0.8602163195610046
4,1648560224.1506917,-101.22264862060547,-85.38027954101562,1754.069091796875,-0.010476955212652683,-0.9998401999473572,-0.014484918676316738,-0.9948996305465698,0.011876347474753857,-0.10016840696334839,0.10032442212104797,0.013361579738557339,-0.9948650598526001
300,1648560224.1902168,77.42095184326172,-55.5176887512207,1839.06005859375,0.8708003759384155,-0.008299770765006542,-0.49156665802001953,-0.06794752180576324,0.9882305264472961,-0.13705326616764069,0.48691868782043457,0.15274678170681,0.8599875569343567
4,1648560224.1902425,-101.30938720703125,-85.38369750976562,1754.033935546875,-0.010453123599290848,-0.9998137950897217,-0.01622163876891136,-0.9949904680252075,0.012012922205030918,-0.09924565255641937,0.09942203760147095,0.015102948062121868,-0.9949307441711426
410,1648560224.190262,-59.872806549072266,-182.49522399902344,1756.0059814453125,-0.005808381829410791,0.7570694088935852,-0.653308629989624,-0.990495502948761,0.08542662858963013,0.10780060291290283,0.13742250204086304,0.6477254033088684,0.7493776679039001
300,1648560224.220732,77.4301528930664,-55.49697494506836,1839.0369873046875,0.8710021376609802,-0.008605401031672955,-0.49120384454727173,-0.06799792498350143,0.9881113767623901,-0.13788457214832306,0.4865506589412689,0.1534986048936844,0.8600620031356812
4,1648560224.2207584,-101.22142028808594,-85.3212661743164,1754.0003662109375,-0.010242448188364506,-0.9998547434806824,-0.013622715137898922,-0.9952167272567749,0.011516672559082508,-0.09701031446456909,0.09715311229228973,0.012563930824398994,-0.9951901435852051
300,1648560224.264211,77.4165267944336,-55.51631164550781,1839.180419921875,0.8705083131790161,-0.008808497339487076,-0.4920748472213745,-0.06802375614643097,0.9880899786949158,-0.1380254179239273,0.48743000626564026,0.15362505614757538,0.8595413565635681
4,1648560224.2642393,-101.29360961914062,-85.34888458251953,1754.181884765625,-0.01214576605707407,-0.9998337626457214,-0.013599970377981663,-0.9952071905136108,0.013407149352133274,-0.09686537832021713,0.0970316156744957,0.012358284555375576,-0.9952045679092407
300,1648560224.294265,77.39916229248047,-55.51243209838867,1839.181884765625,0.8708366751670837,-0.008256491273641586,-0.49150314927101135,-0.06800911575555801,0.9882200956344604,-0.13709792494773865,0.4868452250957489,0.15281659364700317,0.8600167632102966
4,1648560224.2942922,-101.48570251464844,-85.45521545410156,1754.4683837890625,-0.018928995355963707,-0.9997347593307495,-0.01311875507235527,-0.994504451751709,0.02017803303897381,-0.10273166745901108,0.10296912491321564,0.011102053336799145,-0.9946225881576538
300,1648560224.3350406,77.40523529052734,-55.51493835449219,1839.181396484375,0.8709914088249207,-0.008416659198701382,-0.4912261366844177,-0.06802686303853989,0.9881561398506165,-0.1375492513179779,0.48656582832336426,0.1532207876443863,0.8601029515266418
4,1648560224.335067,-101.29029083251953,-85.45794677734375,1754.601318359375,-0.015751073136925697,-0.9998070001602173,-0.011742401868104935,-0.9944745302200317,0.01688394881784916,-0.10361159592866898,0.10378985852003098,0.01004552561789751,-0.994548499584198
300,1648560224.3683572,77.39058685302734,-55.515533447265625,1839.210693359375,0.8712491393089294,-0.008062110282480717,-0.49077481031417847,-0.06788983196020126,0.9882755875587463,-0.1367563009262085,0.48612332344055176,0.15246742963790894,0.8604869842529297
4,1648560224.368383,-101.40679168701172,-85.34866333007812,1754.5396728515625,-0.014603116549551487,-0.9998128414154053,-0.012689701281487942,-0.9948188066482544,0.01580480858683586,-0.1004275381565094,0.10060930252075195,0.011157399043440819,-0.9948634505271912
300,1648560224.3983452,77.40625,-55.518455505371094,1839.2056884765625,0.8709887266159058,-0.00842314213514328,-0.4912307858467102,-0.06798722594976425,0.9881670475006104,-0.13749052584171295,0.4865761995315552,0.15315011143684387,0.8601096868515015
4,1648560224.3983712,-101.12898254394531,-85.41503143310547,1754.5306396484375,-0.01701873540878296,-0.9997900724411011,-0.011411917395889759,-0.9945501685142517,0.018101511523127556,-0.10267557203769684,0.10286059230566025,0.009602315723896027,-0.9946494102478027
300,1648560224.4401278,77.38731384277344,-55.51298141479492,1839.291748046875,0.870797336101532,-0.00840411614626646,-0.4915703237056732,-0.06788173317909241,0.9882223010063171,-0.13714490830898285,0.4869333505630493,0.15279407799243927,0.8599708676338196
4,1648560224.440153,-101.213134765625,-85.31684112548828,1754.5030517578125,-0.011909142136573792,-0.9998877048492432,-0.009098019450902939,-0.9949833154678345,0.012753576971590519,-0.0992245152592659,0.0993294045329094,0.007870698347687721,-0.9950234889984131
410,1648560224.4401708,-60.26693344116211,-180.62033081054688,1756.83642578125,-0.009822051040828228,0.7609128355979919,-0.6487797498703003,-0.9892213344573975,0.08740076422691345,0.11748292297124863,0.14609810709953308,0.6429407000541687,0.7518527507781982
300,1648560224.4719286,77.4029312133789,-55.51210403442383,1839.16943359375,0.8711209297180176,-0.008452977053821087,-0.49099576473236084,-0.06779521703720093,0.9882074594497681,-0.137294739484787,0.4863662123680115,0.1528874933719635,0.860275149345398
4,1648560224.471955,-100.95177459716797,-85.44241333007812,1754.741455078125,-0.016182856634259224,-0.999832034111023,-0.008605376817286015,-0.9944514036178589,0.016989296302199364,-0.10381627827882767,0.1039450392127037,0.006877584848552942,-0.9945592880249023
410,1648560224.4719737,-60.17595291137695,-180.58189392089844,1756.7115478515625,-0.009430382400751114,0.7611866593360901,-0.6484643220901489,-0.9896561503410339,0.08573096245527267,0.11502575874328613,0.14314953982830048,0.6428413987159729,0.7525045871734619
300,1648560224.5128253,77.41175842285156,-55.50098419189453,1839.1497802734375,0.8710839748382568,-0.008157282136380672,-0.4910663664340973,-0.06778056919574738,0.9882977604866028,-0.13665035367012024,0.4864344894886017,0.15231868624687195,0.8603374361991882
4,1648560224.5128522,-100.9648208618164,-85.40784454345703,1754.597412109375,-0.014790918678045273,-0.9998580813407898,-0.008067559450864792,-0.9945041537284851,0.015547123737633228,-0.10353659093379974,0.10364732146263123,0.006491819396615028,-0.9945929050445557
300,1648560224.5458121,77.39872741699219,-55.504886627197266,1839.1981201171875,0.8711667060852051,-0.008518300019204617,-0.4909134805202484,-0.06782815605401993,0.9881747961044312,-0.1375134289264679,0.4862797260284424,0.15309487283229828,0.8602871298789978
4,1648560224.5458379,-100.94523620605469,-85.28453063964844,1754.4954833984375,-0.008115800097584724,-0.9999338388442993,-0.008149518631398678,-0.9951242208480835,0.008877337910234928,-0.09822934865951538,0.098295196890831,0.007312573492527008,-0.9951304197311401
410,1648560224.5458562,-60.0438232421875,-180.5349578857422,1756.3099365234375,-0.007952123880386353,0.7608700394630432,-0.6488555669784546,-0.9894725680351257,0.08777952194213867,0.11505984514951706,0.14450182020664215,0.6429397463798523,0.7521620392799377
300,1648560224.5866282,77.42033386230469,-55.513702392578125,1839.1611328125,0.8709061741828918,-0.00797600019723177,-0.4913845658302307,-0.0675806775689125,0.9884258508682251,-0.13582053780555725,0.4867804944515228,0.1514950543642044,0.8602871298789978
4,1648560224.5866542,-100.66827392578125,-85.35139465332031,1754.3790283203125,-0.006156606134027243,-0.9999586939811707,-0.006687696557492018,-0.9948453307151794,0.006801782641559839,-0.10117541998624802,0.10121672600507736,0.006030326709151268,-0.9948461055755615
300,1648560224.6198769,77.41497039794922,-55.51620101928711,1839.155517578125,0.870940625667572,-0.007743341848254204,-0.4913272261619568,-0.06749903410673141,0.988512396812439,-0.13522972166538239,0.4867301881313324,0.1509411633014679,0.8604129552841187
4,1648560224.6199043,-100.86611938476562,-85.28178405761719,1754.293212890625,-0.0121281947940588,-0.9998830556869507,-0.009312608279287815,-0.9950171113014221,0.012989873066544533,-0.09885449707508087,0.0989639088511467,0.008067277260124683,-0.9950582981109619
410,1648560224.6199243,-59.873111724853516,-180.54315185546875,1756.1556396484375,-0.008749094791710377,0.7603487968444824,-0.6494560837745667,-0.9894217848777771,0.08746816962957382,0.11573202162981033,0.14480343461036682,0.6435984969139099,0.7515403628349304
300,1648560224.691935,77.43865203857422,-55.50596237182617,1839.1156005859375,0.8702821731567383,-0.008779424242675304,-0.4924752712249756,-0.06807790696620941,0.9881010055541992,-0.13791950047016144,0.4878261685371399,0.15355555713176727,0.8593289852142334
4,1648560224.6919637,-100.84130096435547,-85.29795837402344,1754.266357421875,-0.00968741625547409,-0.9999228119850159,-0.007782291155308485,-0.9950335025787354,0.010410512797534466,-0.09899469465017319,0.0990680679678917,0.006784637458622456,-0.9950575232505798
300,1648560224.7434745,77.4444580078125,-55.50322341918945,1839.08349609375,0.870400071144104,-0.00856337696313858,-0.49227067828178406,-0.06793303042650223,0.9881965517997742,-0.13730497658252716,0.487635999917984,0.1529517024755478,0.859544575214386
4,1648560224.7434993,-100.60782623291016,-85.27594757080078,1754.212646484375,-0.008103800937533379,-0.999934732913971,-0.008053570985794067,-0.9949141144752502,0.008871222846210003,-0.10033538937568665,0.10040028393268585,0.0071995132602751255,-0.994921088218689
300,1648560224.774903,77.42693328857422,-55.50988006591797,1839.1973876953125,0.870343029499054,-0.00864106509834528,-0.4923701286315918,-0.06794928014278412,0.9881747961044312,-0.13745363056659698,0.48773548007011414,0.1530880182981491,0.8594638705253601
4,1648560224.7749283,-100.66398620605469,-85.2469482421875,1754.1063232421875,-0.009832973591983318,-0.9999079704284668,-0.009344307705760002,-0.9950854778289795,0.010705480352044106,-0.09843926131725311,0.09853023290634155,0.008330433629453182,-0.9950991868972778
410,1648560224.774946,-59.435218811035156,-180.431396484375,1756.009521484375,-0.00986418779939413,0.759594202041626,-0.6503224968910217,-0.9896726608276367,0.08559297025203705,0.11498638987541199,0.14300602674484253,0.6447407007217407,0.7509052753448486
300,1648560224.8120666,77.42864990234375,-55.49870300292969,1839.1048583984375,0.8706862330436707,-0.008820772171020508,-0.4917597472667694,-0.06788715720176697,0.9881138205528259,-0.13792170584201813,0.48713117837905884,0.1534706950187683,0.859738290309906
4,1648560224.8120928,-100.62506103515625,-85.2328109741211,1754.16455078125,-0.010136718861758709,-0.9999046921730042,-0.0093721067532897,-0.9951038360595703,0.011008666828274727,-0.09822016954421997,0.09831397980451584,0.008330589160323143,-0.9951205849647522
300,1648560224.8617222,77.41079711914062,-55.505340576171875,1839.1800537109375,0.8708295226097107,-0.009141533635556698,-0.4915001392364502,-0.06814827024936676,0.9879280924797058,-0.13911837339401245,0.48683854937553406,0.15464328229427338,0.8596939444541931
4,1648560224.8617494,-100.72987365722656,-85.30692291259766,1754.3861083984375,-0.010268966667354107,-0.9999068379402161,-0.008990117348730564,-0.9947180151939392,0.011133112013339996,-0.10203967988491058,0.10213026404380798,0.007894789800047874,-0.9947397112846375
410,1648560224.8617678,-59.677001953125,-180.2305450439453,1756.3983154296875,-0.00623322045430541,0.761023998260498,-0.6486937999725342,-0.989763081073761,0.08780162036418915,0.11251618713140488,0.14258389174938202,0.6427544951438904,0.7526862025260925
300,1648560224.894196,77.41935729980469,-55.497928619384766,1839.165771484375,0.8708832263946533,-0.008636116050183773,-0.49141407012939453,-0.06798975169658661,0.9881158471107483,-0.13785649836063385,0.4867645800113678,0.1534680277109146,0.8599464297294617
4,1648560224.894222,-100.64337158203125,-85.24321746826172,1754.4437255859375,-0.008207179605960846,-0.9999367594718933,-0.007688320241868496,-0.9950340390205383,0.008929160423576832,-0.09913376718759537,0.09919614344835281,0.006836531683802605,-0.9950444102287292
300,1648560224.9339159,77.4176025390625,-55.50634002685547,1839.174072265625,0.870776355266571,-0.008417722769081593,-0.4916072487831116,-0.06779851019382477,0.9882464408874512,-0.1370120644569397,0.48698243498802185,0.15263710916042328,0.8599709272384644
4,1648560224.933941,-100.68054962158203,-85.32069396972656,1754.4608154296875,-0.01118162740021944,-0.9998900294303894,-0.009740541689097881,-0.9947043657302856,0.012117871083319187,-0.102060467004776,0.1021672785282135,0.008547757752239704,-0.994730532169342
300,1648560224.981788,77.40985107421875,-55.50203323364258,1839.1875,0.8709917068481445,-0.008170750923454762,-0.49122974276542664,-0.06777828186750412,0.9883027672767639,-0.1366153061389923,0.48659995198249817,0.15228550136089325,0.8602497577667236
4,1648560224.9818146,-100.8969497680664,-85.16812896728516,1754.409423828125,-0.010169005021452904,-0.9998868107795715,-0.011089260689914227,-0.9953301548957825,0.011186009272933006,-0.09587886184453964,0.09599205106496811,0.01006248313933611,-0.9953312277793884
300,1648560225.0117025,77.40721130371094,-55.509857177734375,1839.177734375,0.8711169362068176,-0.008075532503426075,-0.49100926518440247,-0.06794802844524384,0.9882651567459106,-0.1368028074502945,0.4863521158695221,0.1525343507528305,0.8603457808494568
4,1648560225.011728,-100.86787414550781,-85.32715606689453,1754.3956298828125,-0.014397715218365192,-0.9998435378074646,-0.010274244472384453,-0.9945604205131531,0.015380251221358776,-0.10301944613456726,0.10316135734319687,0.0087351119145751,-0.9946262836456299
300,1648560225.0559604,77.4105453491211,-55.51140594482422,1839.16015625,0.8707553148269653,-0.008260902017354965,-0.4916471838951111,-0.06794467568397522,0.9882461428642273,-0.13694168627262115,0.4869997203350067,0.15264751017093658,0.8599593043327332
4,1648560225.0559928,-100.85953521728516,-85.23953247070312,1754.162109375,-0.009588285349309444,-0.9998962879180908,-0.010746210813522339,-0.9948509931564331,0.010623126290738583,-0.1007898598909378,0.10089356452226639,0.009724477306008339,-0.994849681854248
300,1648560225.1059754,77.41292572021484,-55.516937255859375,1839.1611328125,0.8707156777381897,-0.008229397237300873,-0.4917179346084595,-0.06818369030952454,0.9881834387779236,-0.13727538287639618,0.48703718185424805,0.15305496752262115,0.859865665435791
4,1648560225.106003,-101.04777526855469,-85.23184204101562,1753.9638671875,-0.011597632430493832,-0.9998525381088257,-0.012663654051721096,-0.9948242902755737,0.012815973721444607,-0.10079856961965561,0.10094600170850754,0.011429086327552795,-0.9948262572288513
300,1648560225.1575916,77.42855072021484,-55.509883880615234,1839.0936279296875,0.8707451820373535,-0.008265779353678226,-0.4916650354862213,-0.06796019524335861,0.9882408380508423,-0.13697251677513123,0.48701563477516174,0.15268179774284363,0.859944224357605
4,1648560225.157616,-101.0594482421875,-85.27579498291016,1754.079345703125,-0.015005049295723438,-0.9997788071632385,-0.014736269600689411,-0.9946123957633972,0.016436133533716202,-0.10235222429037094,0.10257179290056229,0.013121076859533787,-0.9946390390396118
410,1648560225.1576338,-60.556182861328125,-180.0005645751953,1755.008056640625,-0.010004189796745777,0.7692235708236694,-0.63890141248703,-0.9902546405792236,0.08113668859004974,0.11319266259670258,0.13890880346298218,0.6338074803352356,0.7609155178070068
300,1648560225.2058115,77.41193389892578,-55.506752014160156,1839.135009765625,0.8710306286811829,-0.007966301403939724,-0.49116411805152893,-0.06765451282262802,0.9883947968482971,-0.13600952923297882,0.4865475594997406,0.15169793367385864,0.860383152961731
4,1648560225.2058384,-101.12824249267578,-85.28878784179688,1754.3323974609375,-0.0166701041162014,-0.9997636079788208,-0.013956908136606216,-0.9944312572479248,0.01803072728216648,-0.10383327305316925,0.10406038165092468,0.012148275040090084,-0.994496762752533
300,1648560225.2574615,77.39459991455078,-55.51377487182617,1839.20166015625,0.871396541595459,-0.007483821362257004,-0.49052226543426514,-0.06758861988782883,0.9885171055793762,-0.13515059649944305,0.4859010875225067,0.150923490524292,0.8608845472335815
4,1648560225.2574866,-101.15145874023438,-85.2794418334961,1754.5037841796875,-0.018036898225545883,-0.9997446537017822,-0.013613653369247913,-0.994336724281311,0.019362276419997215,-0.1044965609908104,0.10473346710205078,0.011651762761175632,-0.9944320917129517
300,1648560225.305631,77.39808654785156,-55.49544143676758,1839.1982421875,0.8711895942687988,-0.008341796696186066,-0.49087581038475037,-0.06771792471408844,0.9882567524909973,-0.13697759807109833,0.4862539768218994,0.1525745540857315,0.8603941202163696
4,1648560225.3056571,-101.33277893066406,-85.01363372802734,1754.4354248046875,-0.012734122574329376,-0.9998220205307007,-0.013919640332460403,-0.9955206513404846,0.01398112066090107,-0.09350457787513733,0.09368254989385605,0.012666591443121433,-0.9955215454101562
410,1648560225.3056753,-60.78390884399414,-179.94546508789062,1755.9991455078125,-0.011053945869207382,0.767829954624176,-0.6405583620071411,-0.9893508553504944,0.08457744121551514,0.11845497041940689,0.14513005316257477,0.6350463628768921,0.7587182521820068
300,1648560225.357299,77.40625,-55.49665451049805,1839.15966796875,0.8709717392921448,-0.008190423250198364,-0.49126484990119934,-0.06774812936782837,0.9883084893226624,-0.13658899068832397,0.48663994669914246,0.15224742889404297,0.8602338433265686
4,1648560225.357324,-101.16480255126953,-85.00833892822266,1754.4443359375,-0.01036768313497305,-0.9998731017112732,-0.012097061611711979,-0.9954056739807129,0.011471426114439964,-0.09505777060985565,0.09518447518348694,0.011055954732000828,-0.995398223400116
300,1648560225.405653,77.39895629882812,-55.50544738769531,1839.148193359375,0.8708086013793945,-0.008225097320973873,-0.4915533661842346,-0.0677914097905159,0.9882994890213013,-0.13663257658481598,0.48692575097084045,0.15230391919612885,0.8600621223449707
4,1648560225.4056852,-101.27010345458984,-84.96978759765625,1754.3753662109375,-0.01124613918364048,-0.9998741745948792,-0.01118789054453373,-0.9956037998199463,0.012237166054546833,-0.09286167472600937,0.09298690408468246,0.010094370692968369,-0.9956161379814148
300,1648560225.4569812,77.42396545410156,-55.49747085571289,1839.13330078125,0.8707154393196106,-0.008169877342879772,-0.4917193055152893,-0.06749642640352249,0.9884148836135864,-0.13594220578670502,0.48713329434394836,0.15155628323554993,0.8600766658782959
4,1648560225.4570055,-101.28044891357422,-84.98973083496094,1754.35498046875,-0.01019437238574028,-0.9998844265937805,-0.011279135942459106,-0.9954590797424316,0.011215563863515854,-0.09452738612890244,0.09464295953512192,0.010264270938932896,-0.9954583644866943
410,1648560225.457023,-61.34383010864258,-179.4216766357422,1755.498779296875,-0.010868404991924763,0.7700073719024658,-0.6379424333572388,-0.9899406433105469,0.0817166194319725,0.1154986321926117,0.1410652995109558,0.6327803730964661,0.7613734602928162
300,1648560225.4885986,77.38732147216797,-55.51265335083008,1839.18505859375,0.8712797164916992,-0.007841681130230427,-0.4907241761684418,-0.06779398024082184,0.9883642792701721,-0.1361619383096695,0.48608195781707764,0.15190328657627106,0.8606100678443909
4,1648560225.4886243,-101.64772033691406,-84.97611999511719,1754.2816162109375,-0.018428249284625053,-0.9996924996376038,-0.01659194380044937,-0.9952670335769653,0.01992526464164257,-0.09511298686265945,0.09541434049606323,0.01476064883172512,-0.9953281879425049
300,1648560225.527335,77.40483093261719,-55.49553298950195,1839.1641845703125,0.8704742789268494,-0.008350115269422531,-0.4921431243419647,-0.06784092634916306,0.988278329372406,-0.13676106929779053,0.4875163435935974,0.15243443846702576,0.8597043752670288
4,1648560225.5273585,-101.5008316040039,-85.07826232910156,1754.3724365234375,-0.01569393090903759,-0.9997576475143433,-0.015437642112374306,-0.9946879744529724,0.017181525006890297,-0.1014920100569725,0.10173265635967255,0.013762827962636948,-0.9947165846824646
300,1648560225.5752106,77.41058349609375,-55.50248718261719,1839.1595458984375,0.8706815838813782,-0.008505167439579964,-0.4917735755443573,-0.06785554438829422,0.9882124662399292,-0.13722877204418182,0.48714396357536316,0.1528521329164505,0.8598412871360779
4,1648560225.5752368,-101.4296646118164,-84.99885559082031,1754.39990234375,-0.01518195029348135,-0.9998189806938171,-0.011467745527625084,-0.9950934052467346,0.016229644417762756,-0.09759961813688278,0.09776806831359863,0.009929724968969822,-0.9951596856117249
300,1648560225.604969,77.4177017211914,-55.49784469604492,1839.14501953125,0.8702611923217773,-0.008420187048614025,-0.4925185739994049,-0.06793637573719025,0.9882475137710571,-0.13693620264530182,0.4878832697868347,0.15263018012046814,0.8594614267349243
4,1648560225.604995,-101.59751892089844,-85.02135467529297,1754.3387451171875,-0.021305838599801064,-0.9996809959411621,-0.013565062545239925,-0.9947475790977478,0.02255549468100071,-0.09984225034713745,0.10011636465787888,0.011366590857505798,-0.9949108362197876
300,1648560225.6455715,77.40770721435547,-55.49928283691406,1839.187744140625,0.8706132769584656,-0.008339577354490757,-0.49189725518226624,-0.06796634197235107,0.9882298707962036,-0.13704858720302582,0.48725050687789917,0.15274877846240997,0.8597992658615112
4,1648560225.6455982,-101.502685546875,-84.98694610595703,1754.356689453125,-0.01529716793447733,-0.9998251795768738,-0.010750205256044865,-0.9950476884841919,0.01627838797867298,-0.09805687516927719,0.09821473062038422,0.009196974337100983,-0.9951227307319641
300,1648560225.695414,77.41937255859375,-55.47734832763672,1839.158203125,0.870823860168457,-0.00896884873509407,-0.49151337146759033,-0.06773126870393753,0.9881092309951782,-0.1380312442779541,0.48690688610076904,0.15349172055721283,0.8598616123199463
4,1648560225.695441,-101.58279418945312,-84.98263549804688,1754.3427734375,-0.019609127193689346,-0.9997242093086243,-0.012922312133014202,-0.9948246479034424,0.020798567682504654,-0.0994551032781601,0.09969643503427505,0.010905207134783268,-0.9949581623077393
300,1648560225.7252643,77.40231323242188,-55.49444580078125,1839.183837890625,0.8707050085067749,-0.008134106174111366,-0.49173837900161743,-0.06750119477510452,0.9884241819381714,-0.13587220013141632,0.48715129494667053,0.15149752795696259,0.8600767850875854
4,1648560225.72529,-101.8152084350586,-84.75489044189453,1754.425537109375,-0.015108180232346058,-0.9997987747192383,-0.013198655098676682,-0.9959613680839539,0.01621595397591591,-0.08830655366182327,0.08850280940532684,0.011811199598014355,-0.9960058927536011
410,1648560225.725321,-61.811126708984375,-177.09332275390625,1755.112548828125,-0.01325032114982605,0.7700722217559814,-0.6378191113471985,-0.9899141788482666,0.07987577468156815,0.11700307577848434,0.14104712009429932,0.6329364776611328,0.7612470388412476
300,1648560225.7656405,77.38345336914062,-55.494773864746094,1839.176513671875,0.8711320757865906,-0.008046794682741165,-0.49098286032676697,-0.06777340173721313,0.9883265495300293,-0.13644558191299438,0.4863493740558624,0.15213769674301147,0.8604176044464111
4,1648560225.765668,-101.72859191894531,-84.75651550292969,1754.28662109375,-0.016756204888224602,-0.9997791647911072,-0.012683496810495853,-0.9955398440361023,0.01786036416888237,-0.09263605624437332,0.09284212440252304,0.011074697598814964,-0.9956192374229431
300,1648560225.815256,77.38383483886719,-55.49939727783203,1839.1624755859375,0.8706677556037903,-0.00830206461250782,-0.49180150032043457,-0.0680105984210968,0.9882217049598694,-0.13708563148975372,0.4871470034122467,0.15280374884605408,0.859848141670227
4,1648560225.8152835,-101.4905776977539,-84.8916244506836,1754.5404052734375,-0.01125782448798418,-0.9998952150344849,-0.009099760092794895,-0.9950725436210632,0.012099114246666431,-0.09840859472751617,0.09850838035345078,0.00794705469161272,-0.9951044917106628
300,1648560225.848254,77.37630462646484,-55.51449203491211,1839.2142333984375,0.8703980445861816,-0.008487194776535034,-0.49227556586265564,-0.06789866089820862,0.9882287383079529,-0.13709019124507904,0.48764437437057495,0.15274788439273834,0.8595761060714722
4,1648560225.8482804,-102.18811798095703,-84.96710968017578,1754.8204345703125,-0.018017923459410667,-0.9996804594993591,-0.01772942766547203,-0.9945471286773682,0.019741518422961235,-0.1024024710059166,0.1027197539806366,0.015787670388817787,-0.9945850372314453
300,1648560225.8853815,77.39940643310547,-55.47914123535156,1839.1688232421875,0.871347963809967,-0.008356543257832527,-0.49059444665908813,-0.06757957488298416,0.9882822036743164,-0.13686242699623108,0.48598945140838623,0.15240895748138428,0.8605729341506958
4,1648560225.8854089,-102.66516876220703,-84.85980987548828,1755.1689453125,-0.025643615052103996,-0.9995035529136658,-0.018305443227291107,-0.9942781329154968,0.027400493621826172,-0.10324828326702118,0.10369860380887985,0.01555304229259491,-0.9944871664047241
410,1648560225.885428,-61.929351806640625,-163.0332489013672,1754.4207763671875,-0.008166681975126266,0.7677459120750427,-0.6407023668289185,-0.990272581577301,0.08279087394475937,0.11182975769042969,0.13890114426612854,0.6353833079338074,0.7596015930175781
300,1648560225.9350688,77.39839935302734,-55.514408111572266,1839.1346435546875,0.8713201284408569,-0.008257507346570492,-0.49064552783966064,-0.06788378208875656,0.988216757774353,-0.1371839940547943,0.48599693179130554,0.15283805131912231,0.8604925870895386
4,1648560225.9350963,-101.26483917236328,-84.9821548461914,1754.8013916015625,-0.015483405441045761,-0.9997536540031433,-0.015903428196907043,-0.9943448901176453,0.01706702820956707,-0.10481876134872437,0.10506436228752136,0.014190541580319405,-0.9943642020225525
410,1648560225.9351165,-60.129146575927734,-160.31764221191406,1754.7530517578125,-0.009291918948292732,0.7597106695175171,-0.6501948237419128,-0.9882045984268188,0.09241917729377747,0.12210825085639954,0.15285740792751312,0.6436601281166077,0.7498908042907715
300,1648560225.984932,77.40957641601562,-55.503395080566406,1839.13916015625,0.871272087097168,-0.008498137816786766,-0.4907267391681671,-0.06774971634149551,0.9881958365440369,-0.137400820851326,0.48610177636146545,0.15296009182929993,0.8604117035865784
4,1648560225.9849591,-100.88467407226562,-84.88433074951172,1754.6873779296875,-0.006781988311558962,-0.9998502135276794,-0.01592179760336876,-0.994800865650177,0.008363963104784489,-0.10149494558572769,0.10161291062831879,0.015150681138038635,-0.9947086572647095
300,1648560226.0350447,77.4312744140625,-55.508052825927734,1839.122802734375,0.8701803684234619,-0.008526425808668137,-0.4926595091819763,-0.0677897036075592,0.9882708787918091,-0.1368403285741806,0.4880477786064148,0.15247301757335663,0.8593959212303162
4,1648560226.0350728,-100.56324005126953,-84.76719665527344,1754.3909912109375,-0.005641004536300898,-0.9998554587364197,-0.016037026420235634,-0.9953287839889526,0.007159690838307142,-0.09627732634544373,0.09637823700904846,0.015419012866914272,-0.9952253699302673
300,1648560226.0849411,77.40164184570312,-55.51642608642578,1839.176513671875,0.870652973651886,-0.007936034351587296,-0.4918336868286133,-0.06774847209453583,0.9884064197540283,-0.13587811589241028,0.48720991611480713,0.1516236811876297,0.8600213527679443
4,1648560226.0849686,-100.49627685546875,-84.72078704833984,1753.8997802734375,-0.006850494537502527,-0.999808132648468,-0.018349867314100266,-0.9957036375999451,0.008514642715454102,-0.09220486879348755,0.09234341979026794,0.01763937994837761,-0.995570957660675
300,1648560226.1349201,77.39201354980469,-55.5243034362793,1839.1795654296875,0.8709841966629028,-0.008245166391134262,-0.49124181270599365,-0.06762582808732986,0.9883304238319397,-0.13649079203605652,0.48663461208343506,0.15210196375846863,0.8602626323699951
4,1648560226.1349587,-100.69998931884766,-84.84690856933594,1754.1358642578125,-0.00709508964791894,-0.999802827835083,-0.01854545809328556,-0.9952948093414307,0.008852864615619183,-0.09648793935775757,0.09663309156894684,0.01777360774576664,-0.9951613545417786
300,1648560226.1847565,77.40814208984375,-55.51518630981445,1839.152587890625,0.8707897663116455,-0.008140560239553452,-0.49158811569213867,-0.06756667047739029,0.9883946776390076,-0.13605384528636932,0.48699063062667847,0.15168926119804382,0.8601340055465698
4,1648560226.1847827,-100.40005493164062,-84.80284118652344,1754.4327392578125,-0.003302554367110133,-0.9999062418937683,-0.013289420865476131,-0.9952767491340637,0.0045760683715343475,-0.09697064757347107,0.09702236950397491,0.012906400486826897,-0.9951984882354736
300,1648560226.234712,77.39364624023438,-55.516517639160156,1839.1666259765625,0.8708236813545227,-0.00863025151193142,-0.4915197193622589,-0.06777439266443253,0.9881905317306519,-0.13742658495903015,0.4869011640548706,0.1529867798089981,0.859954833984375
4,1648560226.2347393,-100.57740020751953,-84.79483795166016,1754.421142578125,-0.006581614725291729,-0.999794602394104,-0.019167345017194748,-0.9951661229133606,0.00842693168669939,-0.09784354269504547,0.09798496961593628,0.01843072474002838,-0.9950172305107117
300,1648560226.2846591,77.39341735839844,-55.51282501220703,1839.1693115234375,0.8708113431930542,-0.008425474166870117,-0.4915451407432556,-0.06782308220863342,0.9882335066795349,-0.13709309697151184,0.4869164526462555,0.15272033214569092,0.8599935173988342
4,1648560226.284687,-100.60269927978516,-84.85183715820312,1754.4444580078125,-0.0022912451531738043,-0.9998306035995483,-0.01826300285756588,-0.9950500130653381,0.004093949683010578,-0.09929105639457703,0.0993490070104599,0.017945101484656334,-0.9948908090591431
300,1648560226.334562,77.3569564819336,-55.53909683227539,1839.250244140625,0.871090292930603,-0.007916050031781197,-0.4910590946674347,-0.06760361045598984,0.9884194135665894,-0.1358558088541031,0.4864477813243866,0.15154004096984863,0.8604674339294434
4,1648560226.334589,-100.79147338867188,-84.80091094970703,1754.4576416015625,-0.006077241618186235,-0.9997461438179016,-0.021695883944630623,-0.9951863884925842,0.008168859407305717,-0.09765898436307907,0.09781142324209213,0.020997950807213783,-0.994983434677124
300,1648560226.3845003,77.39004516601562,-55.5189208984375,1839.2269287109375,0.8711540699005127,-0.008201269432902336,-0.49094125628471375,-0.06770168989896774,0.9883041381835938,-0.13664354383945465,0.4863199293613434,0.15227513015270233,0.8604099154472351
4,1648560226.3845272,-100.47311401367188,-84.78102111816406,1754.297119140625,-0.004296523984521627,-0.9997563362121582,-0.021652374416589737,-0.9952314496040344,0.006385069340467453,-0.0973324105143547,0.09744694083929062,0.021130934357643127,-0.9950163960456848
300,1648560226.4343655,77.39014434814453,-55.51799392700195,1839.198486328125,0.871112585067749,-0.00824551098048687,-0.49101415276527405,-0.06764692068099976,0.9883125424385071,-0.13660956919193268,0.48640185594558716,0.15221790969371796,0.8603737354278564
4,1648560226.434392,-100.14752960205078,-84.80647277832031,1754.379150390625,-0.002019632840529084,-0.999782919883728,-0.020737234503030777,-0.9952645301818848,0.00402494054287672,-0.09711987525224686,0.0971822589635849,0.020442888140678406,-0.9950566291809082
300,1648560226.4844022,77.41606903076172,-55.51099395751953,1839.156494140625,0.8709182739257812,-0.008248703554272652,-0.4913586974143982,-0.06749585270881653,0.988375723361969,-0.13622672855854034,0.4867706894874573,0.1518070250749588,0.860237717628479
4,1648560226.4844296,-99.4939193725586,-84.67144012451172,1754.151123046875,0.008122259750962257,-0.9998551607131958,-0.014955384656786919,-0.9956384301185608,-0.006696129217743874,-0.09305507689714432,0.09294145554304123,0.01564597338438034,-0.995548665523529
410,1648560226.4844472,-57.92388153076172,-134.10118103027344,1749.002685546875,0.004832737613469362,0.7669340372085571,-0.641707718372345,-0.9905266165733337,0.09173878282308578,0.10218146443367004,0.13723593950271606,0.635134756565094,0.760111927986145
300,1648560226.5343292,77.4071044921875,-55.50686264038086,1839.17578125,0.8710650205612183,-0.008243667893111706,-0.4910985827445984,-0.0674569383263588,0.9883765578269958,-0.1362399160861969,0.4865134358406067,0.15180182456970215,0.8603841662406921
4,1648560226.5343556,-99.83096313476562,-84.58429718017578,1754.087158203125,0.004042617045342922,-0.9998137950897217,-0.018868738785386086,-0.995786726474762,-0.0022963068913668394,-0.09167041629552841,0.09161002188920975,0.019159827381372452,-0.9956105947494507
300,1648560226.5842924,77.40176391601562,-55.53041458129883,1839.1533203125,0.8706537485122681,-0.007907631807029247,-0.4918328821659088,-0.06773224472999573,0.9884192943572998,-0.13579285144805908,0.48721086978912354,0.15154150128364563,0.8600353002548218
4,1648560226.5843184,-99.68634796142578,-84.63829040527344,1754.0589599609375,0.0020351733546704054,-0.9998434782028198,-0.017573490738868713,-0.9955114126205444,-0.000362924300134182,-0.09464088827371597,0.09461969882249832,0.017687221989035606,-0.9953563809394836
300,1648560226.6341786,77.3962173461914,-55.51563262939453,1839.1536865234375,0.8708500266075134,-0.008101564832031727,-0.49148207902908325,-0.06782326102256775,0.9883202314376831,-0.13646647334098816,0.48684728145599365,0.15217575430870056,0.8601292371749878
4,1648560226.6342049,-99.70258331298828,-84.63238525390625,1754.1226806640625,-5.1011120376642793e-05,-0.9998985528945923,-0.014241736382246017,-0.9953429102897644,0.0014236385468393564,-0.09638717025518417,0.09639766812324524,0.014170493930578232,-0.9952419996261597
300,1648560226.6840906,77.40312194824219,-55.506500244140625,1839.1064453125,0.8706419467926025,-0.008395790122449398,-0.49184557795524597,-0.06776788830757141,0.9882738590240479,-0.13682934641838074,0.4872269332408905,0.1524607092142105,0.8598637580871582
4,1648560226.6841178,-99.87419891357422,-84.57050323486328,1754.0445556640625,-0.0009610119741410017,-0.999848484992981,-0.01738157868385315,-0.9953611493110657,0.002628595568239689,-0.09617327153682709,0.09620439261198044,0.0172085240483284,-0.9952128529548645
300,1648560226.733995,77.40021514892578,-55.50585174560547,1839.173095703125,0.8710219860076904,-0.008093656040728092,-0.4911773204803467,-0.06765679270029068,0.9883595108985901,-0.13626442849636078,0.48656266927719116,0.15192081034183502,0.8603352904319763
4,1648560226.7340224,-99.64160919189453,-84.52449798583984,1753.99609375,0.0006943975458852947,-0.9998964667320251,-0.014372694306075573,-0.9954285025596619,0.0006815393571741879,-0.0955069288611412,0.09550683945417404,0.014373309910297394,-0.995324969291687
300,1648560226.7839782,77.40589141845703,-55.49912643432617,1839.1600341796875,0.8708944916725159,-0.008248778060078621,-0.491400808095932,-0.06751368194818497,0.9883722066879272,-0.13624347746372223,0.48681074380874634,0.15182997286319733,0.8602110147476196
4,1648560226.7840052,-99.41150665283203,-84.46489715576172,1754.09716796875,0.00423322431743145,-0.9999172687530518,-0.012147190980613232,-0.995415985584259,-0.00305290799587965,-0.09559115767478943,0.0955461636185646,0.012496166862547398,-0.9953465461730957
410,1648560226.784024,-58.03279495239258,-133.94749450683594,1748.9837646484375,0.0014511686749756336,0.7682603001594543,-0.6401359438896179,-0.9901631474494934,0.09066545963287354,0.10656764358282089,0.13990990817546844,0.6336843967437744,0.7608346343040466
300,1648560226.8339128,77.40097045898438,-55.497169494628906,1839.1827392578125,0.8712368011474609,-0.008208079263567924,-0.49079430103302,-0.06780573725700378,0.9882623553276062,-0.13689358532428741,0.4861571788787842,0.15254539251327515,0.8604540228843689
4,1648560226.8339398,-99.2886962890625,-84.44190216064453,1754.2315673828125,0.008593631908297539,-0.99991774559021,-0.009521876461803913,-0.995396077632904,-0.00764496298506856,-0.09554145485162735,0.09546080231666565,0.010299086570739746,-0.9953799247741699
300,1648560226.8672144,77.3960952758789,-55.503379821777344,1839.18505859375,0.870846152305603,-0.008011267520487309,-0.49149033427238464,-0.0677785575389862,0.9883595705032349,-0.13620351254940033,0.48686036467552185,0.15192480385303497,0.8601661920547485
4,1648560226.8672407,-99.28091430664062,-84.43514251708984,1754.3521728515625,0.0016238319221884012,-0.9999369382858276,-0.011111391708254814,-0.9952994585037231,-0.00054016342619434,-0.09684382379055023,0.09683171659708023,0.011216419748961926,-0.9952375888824463
410,1648560226.8672588,-58.0467529296875,-133.9032745361328,1749.1727294921875,0.00026777733000926673,0.7691497206687927,-0.6390685439109802,-0.9901580810546875,0.08964359015226364,0.10747548937797546,0.1399531364440918,0.6327500939369202,0.761603832244873
300,1648560226.9077647,77.4111557006836,-55.48982620239258,1839.1370849609375,0.8703858256340027,-0.008727578446269035,-0.49229294061660767,-0.06817124038934708,0.9880769848823547,-0.13804544508457184,0.48762813210487366,0.15371301770210266,0.8594132661819458
4,1648560226.9077914,-99.14376068115234,-84.40364074707031,1754.376708984375,0.005382575560361147,-0.9999411702156067,-0.009417305700480938,-0.9951885342597961,-0.0044351923279464245,-0.09787793457508087,0.09783041477203369,0.009898830205202103,-0.9951538443565369
300,1648560226.9593096,77.42630767822266,-55.48285675048828,1839.13623046875,0.8707058429718018,-0.008370529860258102,-0.49173295497894287,-0.06770557910203934,0.9882948398590088,-0.13670873641967773,0.48712146282196045,0.15232615172863007,0.8599473237991333
4,1648560226.9593346,-99.46005249023438,-84.28607940673828,1754.12109375,0.000789623474702239,-0.9999032616615295,-0.013888150453567505,-0.9953094124794006,0.0005576909170486033,-0.09674122184515,0.09673960506916046,0.013899396173655987,-0.9952126741409302
410,1648560226.959352,-58.58184814453125,-133.8586883544922,1748.7374267578125,0.0013706389581784606,0.7744645476341248,-0.632615864276886,-0.9900774955749512,0.08994363993406296,0.10796617716550827,0.1405157446861267,0.626190721988678,0.7669031620025635
300,1648560226.9908762,77.4146728515625,-55.485591888427734,1839.1409912109375,0.870596170425415,-0.008323621936142445,-0.4919279217720032,-0.06779715418815613,0.9882887601852417,-0.13670718669891357,0.4873047173023224,0.15236806869506836,0.8598361015319824
4,1648560226.990902,-99.29300689697266,-84.21499633789062,1754.1600341796875,0.004788702353835106,-0.9999502301216125,-0.008752310648560524,-0.9955564737319946,-0.003944171592593193,-0.09408355504274368,0.09404435008764267,0.00916395802050829,-0.9955258369445801
410,1648560226.9909203,-58.78913497924805,-133.8933563232422,1748.501708984375,-0.0023240256123244762,0.775754988193512,-0.6310299634933472,-0.9901434183120728,0.08658357709646225,0.11008788645267487,0.14003805816173553,0.6250660419464111,0.767907440662384
300,1648560227.0300007,77.41973114013672,-55.48078918457031,1839.124267578125,0.8707943558692932,-0.008428007364273071,-0.4915752112865448,-0.06791450083255768,0.98820561170578,-0.1372489184141159,0.4869341254234314,0.15290066599845886,0.8599514961242676
4,1648560227.0300248,-99.22603607177734,-84.17146301269531,1754.05322265625,0.005555009935051203,-0.9999538064002991,-0.007847524248063564,-0.995487630367279,-0.004786452278494835,-0.0947704017162323,0.09472846239805222,0.008338564075529575,-0.9954681992530823
300,1648560227.078275,77.41593170166016,-55.472782135009766,1839.1171875,0.8707451224327087,-0.008665784262120724,-0.4916582703590393,-0.06785445660352707,0.9881623387336731,-0.13758975267410278,0.4870305061340332,0.15316680073738098,0.8598495125770569
4,1648560227.078301,-99.72252655029297,-84.05777740478516,1753.8802490234375,0.0007076607435010374,-0.9999086260795593,-0.013500562869012356,-0.9956584572792053,0.000552099256310612,-0.09308035671710968,0.09307930618524551,0.013507818803191185,-0.9955670833587646
410,1648560227.0783188,-59.237606048583984,-133.65650939941406,1748.0989990234375,-0.0011387864360585809,0.7789251208305359,-0.6271159052848816,-0.990688681602478,0.08449815213680267,0.10675206780433655,0.13614200055599213,0.6213982105255127,0.7715761065483093
300,1648560227.1083503,77.40705871582031,-55.490562438964844,1839.1505126953125,0.870855987071991,-0.008285976015031338,-0.4914684593677521,-0.06780293583869934,0.9882748126983643,-0.13680514693260193,0.4868394434452057,0.15246057510375977,0.8600832223892212
4,1648560227.1083753,-99.31927490234375,-84.04615020751953,1753.9627685546875,0.00282439892180264,-0.999966025352478,-0.007747925352305174,-0.9956901669502258,-0.0020939200185239315,-0.09271866083145142,0.09269928187131882,0.007976407185196877,-0.9956622123718262
300,1648560227.1484008,77.42481231689453,-55.47705078125,1839.1148681640625,0.8708310723304749,-0.008774307556450367,-0.49150407314300537,-0.06788589805364609,0.9881144762039185,-0.13791781663894653,0.48687243461608887,0.15346932411193848,0.8598850965499878
4,1648560227.1484282,-98.98877716064453,-83.95674896240234,1753.8466796875,0.006108004134148359,-0.9999699592590332,-0.0047670574858784676,-0.9957031607627869,-0.0056413086131215096,-0.09243016690015793,0.09240049868822098,0.005311138462275267,-0.9957077503204346
300,1648560227.1981494,77.41737365722656,-55.46315002441406,1839.0743408203125,0.8707025051116943,-0.008728274144232273,-0.4917325973510742,-0.0680755227804184,0.9880789518356323,-0.13807861506938934,0.4870758056640625,0.1537003517150879,0.8597286343574524
4,1648560227.1981757,-99.34412384033203,-83.8520736694336,1753.9700927734375,0.0031022236216813326,-0.9999401569366455,-0.010490602813661098,-0.9955684542655945,-0.002102316590026021,-0.09401608258485794,0.09398840367794037,0.010735771618783474,-0.9955154061317444
300,1648560227.228052,77.40741729736328,-55.47583770751953,1839.0577392578125,0.8705219626426697,-0.009204014204442501,-0.49204352498054504,-0.06805369257926941,0.9879679679870605,-0.13888099789619446,0.48740154504776,0.15438434481620789,0.85942143201828
4,1648560227.2280772,-99.06151580810547,-83.82549285888672,1754.2821044921875,0.004357230383902788,-0.9999819397926331,-0.004142141435295343,-0.9954133033752441,-0.003941383212804794,-0.0955866202712059,0.09556856751441956,0.004539635498076677,-0.9954124689102173
410,1648560227.2280955,-58.56928634643555,-133.47198486328125,1748.7744140625,-0.002094611991196871,0.7751392126083374,-0.6317870020866394,-0.9899726510047913,0.08762897551059723,0.11079408973455429,0.14124368131160736,0.6256839036941528,0.7671830654144287
300,1648560227.2684715,77.43236541748047,-55.46916580200195,1839.0626220703125,0.8705222010612488,-0.008452607318758965,-0.4920565187931061,-0.06766237318515778,0.9883014559745789,-0.13668210804462433,0.48745548725128174,0.15227852761745453,0.8597664833068848
4,1648560227.268499,-99.2021713256836,-83.45378112792969,1754.093505859375,0.002592588309198618,-0.999968945980072,-0.007443305570632219,-0.995523989200592,-0.0018777187215164304,-0.09449074417352676,0.09447383880615234,0.007654964458197355,-0.9954979419708252
300,1648560227.3178637,77.43794250488281,-55.4588737487793,1839.0794677734375,0.8707976341247559,-0.008740618824958801,-0.49156391620635986,-0.06778433173894882,0.9881588220596313,-0.1376495659351349,0.48694634437561035,0.15318524837493896,0.8598939180374146
4,1648560227.3178904,-99.513427734375,-82.80427551269531,1753.967041015625,0.0011684036580845714,-0.9999253749847412,-0.012160161510109901,-0.9955559968948364,-1.807422268029768e-05,-0.09417130798101425,0.09416406601667404,0.01221615169197321,-0.9954817295074463
410,1648560227.317908,-58.51066589355469,-132.6901397705078,1748.9195556640625,-0.007843566127121449,0.7685346007347107,-0.6397601366043091,-0.9898902177810669,0.08464010059833527,0.11381314694881439,0.14161869883537292,0.6341850161552429,0.7601010203361511
300,1648560227.3679812,77.40689086914062,-55.476829528808594,1839.1402587890625,0.8705160021781921,-0.008701760321855545,-0.4920631945133209,-0.06799318641424179,0.9881288409233093,-0.13776202499866486,0.48742058873176575,0.15338099002838135,0.8595902919769287
4,1648560227.3680081,-99.62614440917969,-82.69194030761719,1754.0885009765625,0.0008006793214008212,-0.9999222755432129,-0.012443463318049908,-0.9956322312355042,0.00036458595423027873,-0.09336144477128983,0.09335872530937195,0.012463865801692009,-0.995554506778717
410,1648560227.368026,-58.687416076660156,-132.5689239501953,1748.962890625,-0.008070996031165123,0.7690571546554565,-0.639129102230072,-0.9901091456413269,0.08338053524494171,0.11283411830663681,0.14006681740283966,0.6337182521820068,0.7607775330543518
300,1648560227.417864,77.39718627929688,-55.48488235473633,1839.1429443359375,0.8705557584762573,-0.008431115187704563,-0.4919975697994232,-0.06809940189123154,0.9881675839424133,-0.13743092119693756,0.4873347580432892,0.15314601361751556,0.8596808314323425
4,1648560227.4178903,-99.60072326660156,-82.62884521484375,1754.0731201171875,0.0028194342739880085,-0.9999047517776489,-0.013512387871742249,-0.9955493807792664,-0.0015337720979005098,-0.09422909468412399,0.09419938921928406,0.013717922382056713,-0.9954588413238525
410,1648560227.4179087,-58.91416549682617,-132.55699157714844,1748.7093505859375,-0.007547913119196892,0.7733628153800964,-0.6339187622070312,-0.989937424659729,0.0838017612695694,0.11402270197868347,0.14130443334579468,0.6284005045890808,0.7649482488632202
300,1648560227.467885,77.43389892578125,-55.46305465698242,1839.1488037109375,0.8706339001655579,-0.008886619471013546,-0.49185121059417725,-0.06786027550697327,0.9881084561347961,-0.13797344267368317,0.4872284531593323,0.15350152552127838,0.8596776723861694
4,1648560227.467913,-99.21232604980469,-82.57213592529297,1753.9736328125,0.0025751194916665554,-0.9999020099639893,-0.013760179281234741,-0.9954390525817871,-0.00125089508946985,-0.09539135545492172,0.09536479413509369,0.013943064026534557,-0.9953447580337524
410,1648560227.4679325,-58.34774398803711,-132.43515014648438,1748.7471923828125,-0.003134249709546566,0.7729026675224304,-0.6345168948173523,-0.9895291328430176,0.08916419744491577,0.11349844187498093,0.1442994326353073,0.6282286643981934,0.7645301818847656
300,1648560227.517774,77.41641998291016,-55.4754524230957,1839.1558837890625,0.8706375360488892,-0.008490155450999737,-0.4918517768383026,-0.0678921565413475,0.9882090091705322,-0.13723547756671906,0.487217515707016,0.15287524461746216,0.8597954511642456
4,1648560227.5178003,-99.25177764892578,-82.5613784790039,1754.1373291015625,0.0025675634387880564,-0.9998586773872375,-0.016615567728877068,-0.9952021837234497,-0.0009297870565205812,-0.09783530235290527,0.09780602902173996,0.016787046566605568,-0.9950639009475708
410,1648560227.5178192,-58.309356689453125,-132.2616729736328,1748.72900390625,-0.001921468647196889,0.7749423384666443,-0.6320289969444275,-0.9897521734237671,0.08876943588256836,0.11185083538293839,0.1427828073501587,0.6257669925689697,0.766830325126648
300,1648560227.5677629,77.4123764038086,-55.48508834838867,1839.1282958984375,0.8705287575721741,-0.008419008925557137,-0.492045521736145,-0.06773139536380768,0.9882887005805969,-0.13674047589302063,0.4874342381954193,0.15236344933509827,0.859763503074646
4,1648560227.567789,-99.1654281616211,-82.51400756835938,1754.0740966796875,0.0045763361267745495,-0.9998882412910461,-0.014233876019716263,-0.9952794909477234,-0.003174424869939685,-0.0969984158873558,0.09694238752126694,0.014610582031309605,-0.9951827526092529
410,1648560227.5678203,-58.07732009887695,-132.0889434814453,1748.689208984375,-0.001523180166259408,0.7729206085205078,-0.6345009207725525,-0.9902689456939697,0.08713061362504959,0.10851585119962692,0.13915859162807465,0.6284918189048767,0.7652665376663208
300,1648560227.617686,77.43466186523438,-55.46834945678711,1839.084716796875,0.8706292510032654,-0.008729162625968456,-0.49186229705810547,-0.06769320368766785,0.9882054924964905,-0.1373593509197235,0.48726004362106323,0.1528848111629486,0.8597697019577026
4,1648560227.6177137,-99.03312683105469,-82.38040924072266,1753.795654296875,0.006140399258583784,-0.9998751282691956,-0.014561660587787628,-0.9956797361373901,-0.0047641415148973465,-0.0927315205335617,0.09265056252479553,0.015068159438669682,-0.9955846667289734
300,1648560227.6676192,77.4364013671875,-55.46781921386719,1839.09912109375,0.8704096078872681,-0.008852757513523102,-0.49224865436553955,-0.06805639714002609,0.9880759716033936,-0.13810934126377106,0.48760172724723816,0.15371237695217133,0.859428346157074
4,1648560227.667647,-98.70947265625,-82.35041046142578,1753.7701416015625,0.009820450097322464,-0.9998673796653748,-0.012992475181818008,-0.995659589767456,-0.008574898354709148,-0.09267397969961166,0.09255027770996094,0.013846182264387608,-0.9956117272377014
410,1648560227.6676652,-57.579715728759766,-131.91586303710938,1748.36083984375,0.003688510973006487,0.7734390497207642,-0.6338599324226379,-0.989968478679657,0.0923520103096962,0.10692763328552246,0.14124025404453278,0.6271069645881653,0.7660209536552429
300,1648560227.7175412,77.4404067993164,-55.47021484375,1839.1124267578125,0.8706766963005066,-0.008534198626875877,-0.4917817711830139,-0.06789382547140121,0.9881927967071533,-0.13735158741474152,0.48714739084243774,0.15297776460647583,0.8598169684410095
4,1648560227.717568,-98.40316772460938,-82.33501434326172,1753.9447021484375,0.011066192761063576,-0.9998806118965149,-0.010782781057059765,-0.9954562187194824,-0.009996039792895317,-0.09469393640756607,0.09457484632730484,0.01178168784826994,-0.9954480528831482
300,1648560227.76746,77.45140075683594,-55.46006393432617,1839.09130859375,0.8704739809036255,-0.008779600262641907,-0.492136150598526,-0.06803400069475174,0.9880978465080261,-0.13796372711658478,0.4874899387359619,0.1535758227109909,0.8595161437988281
4,1648560227.767488,-98.17717742919922,-82.1944351196289,1753.891357421875,0.012750644236803055,-0.9998735785484314,-0.00949738547205925,-0.995421290397644,-0.011792885139584541,-0.09485433995723724,0.09473034739494324,0.010663353838026524,-0.9954458475112915
300,1648560227.8173602,77.45813751220703,-55.45079803466797,1839.0687255859375,0.8708475828170776,-0.008690668269991875,-0.49147626757621765,-0.06761021167039871,0.988223135471344,-0.1372731775045395,0.48688119649887085,0.15277282893657684,0.860004186630249
4,1648560227.817387,-98.44635009765625,-82.10467529296875,1753.8927001953125,0.00879662949591875,-0.9998845458030701,-0.01239074021577835,-0.9955816268920898,-0.007598963100463152,-0.09359218180179596,0.0934872180223465,0.01315928902477026,-0.9955335259437561
410,1648560227.8174047,-57.2963981628418,-131.6221466064453,1748.3734130859375,0.003958085551857948,0.7745032906532288,-0.6325574517250061,-0.9898900389671326,0.09272114187479019,0.10733374208211899,0.1417817920446396,0.6257374882698059,0.7670400738716125
300,1648560227.867305,77.43193054199219,-55.46343994140625,1839.1632080078125,0.8709065318107605,-0.008508138358592987,-0.49137505888938904,-0.06778818368911743,0.988213062286377,-0.13725773990154266,0.4867510497570038,0.15284807980060577,0.8600644469261169
4,1648560227.8673327,-98.5992202758789,-82.0643539428711,1753.747802734375,0.008567974902689457,-0.9998906254768372,-0.012056967243552208,-0.9956740140914917,-0.0074150157161056995,-0.09261908382177353,0.09251954406499863,0.012798367068171501,-0.9956285953521729
410,1648560227.8673508,-57.611106872558594,-131.57656860351562,1748.081298828125,0.0038543231785297394,0.7759029269218445,-0.630840539932251,-0.9901383519172668,0.09130527079105377,0.10625144094228745,0.14003987610340118,0.6242098808288574,0.7686032056808472
300,1648560227.9172199,77.4603042602539,-55.45320129394531,1839.1025390625,0.8702980279922485,-0.00899956002831459,-0.4924432039260864,-0.06787383556365967,0.9881021976470947,-0.13801175355911255,0.48782625794410706,0.1535353660583496,0.8593325614929199
4,1648560227.9172466,-98.53458404541016,-82.05464172363281,1753.72119140625,0.008424344472587109,-0.9999160766601562,-0.009841915220022202,-0.9957088232040405,-0.0074810185469686985,-0.09223848581314087,0.09215711802244186,0.010576730594038963,-0.9956883192062378
300,1648560227.967169,77.43382263183594,-55.45231246948242,1839.1575927734375,0.8706380724906921,-0.009041937999427319,-0.49184104800224304,-0.06798242032527924,0.9880259037017822,-0.13850358128547668,0.48720401525497437,0.15402303636074066,0.8595982193946838
4,1648560227.9671965,-98.59622192382812,-82.03074645996094,1753.8494873046875,0.010125456377863884,-0.9999059438705444,-0.009253796190023422,-0.9956321120262146,-0.009222358465194702,-0.09290660172700882,0.09281252324581146,0.010154098272323608,-0.9956318140029907
410,1648560227.9672146,-57.952816009521484,-131.63735961914062,1748.0985107421875,0.002249011304229498,0.7788810729980469,-0.6271676421165466,-0.9900808334350586,0.0898398905992508,0.10802196711301804,0.14048093557357788,0.6207036972045898,0.7713572382926941
300,1648560227.9972956,77.4389419555664,-55.46577835083008,1839.1326904296875,0.8704335689544678,-0.0086805559694767,-0.4922093451023102,-0.06782270967960358,0.988195538520813,-0.1373668611049652,0.4875914752483368,0.1529517024755478,0.8595698475837708
4,1648560227.997322,-98.64849090576172,-82.08468627929688,1753.928466796875,0.007389425300061703,-0.9999158978462219,-0.010655258782207966,-0.995417058467865,-0.006339383311569691,-0.09541860222816467,0.09534303098917007,0.011311514303088188,-0.9953802227973938
300,1648560228.0409834,77.44286346435547,-55.45941162109375,1839.1168212890625,0.8706498146057129,-0.008562132716178894,-0.4918287694454193,-0.0679575502872467,0.9881672859191895,-0.1375032365322113,0.4871864318847656,0.15314064919948578,0.8597658276557922
4,1648560228.0410097,-98.73139953613281,-82.0687484741211,1753.9041748046875,0.007694282103329897,-0.999865710735321,-0.014470575377345085,-0.9954020977020264,-0.006276673171669245,-0.09557842463254929,0.09547475725412369,0.015139448456466198,-0.995316743850708
410,1648560228.0410295,-58.06119155883789,-131.6389617919922,1748.0567626953125,0.0010736773256212473,0.7793447375297546,-0.6265944838523865,-0.9902238249778748,0.08822820335626602,0.10803958028554916,0.13948337733745575,0.6203527450561523,0.7718204855918884
300,1648560228.090615,77.44627380371094,-55.45288848876953,1839.1451416015625,0.8706028461456299,-0.008682041428983212,-0.49190980195999146,-0.06769654154777527,0.9882198572158813,-0.13725395500659943,0.48730671405792236,0.15279428660869598,0.8597593307495117
4,1648560228.090642,-98.72186279296875,-82.01935577392578,1753.8555908203125,0.006378160789608955,-0.999850332736969,-0.01608152501285076,-0.9956471920013428,-0.004854322876781225,-0.09307584911584854,0.09298385679721832,0.016605177894234657,-0.9955291152000427
410,1648560228.0906596,-57.89690017700195,-131.6323699951172,1748.1383056640625,0.0032293570693582296,0.7784398198127747,-0.6277109384536743,-0.989909291267395,0.0914144292473793,0.10827254503965378,0.1416655033826828,0.6210272312164307,0.7708800435066223
300,1648560228.1207972,77.4660415649414,-55.45720291137695,1839.07666015625,0.8701314926147461,-0.009129119105637074,-0.49273502826690674,-0.06802218407392502,0.9880337715148926,-0.13842758536338806,0.48810258507728577,0.15396711230278015,0.8590983748435974
4,1648560228.1208222,-98.55045318603516,-82.05103302001953,1753.9010009765625,0.011003178544342518,-0.9998658299446106,-0.012132748030126095,-0.9954936504364014,-0.009810558520257473,-0.09431928396224976,0.09418760240077972,0.01311588566750288,-0.9954680800437927
410,1648560228.120841,-57.78382873535156,-131.64622497558594,1748.0869140625,0.0007736003608442843,0.7791014313697815,-0.626897394657135,-0.9900363683700562,0.08886993676424026,0.10922490060329437,0.14080961048603058,0.620566725730896,0.7714075446128845
300,1648560228.1609166,77.4502944946289,-55.44717025756836,1839.1339111328125,0.870423436164856,-0.008907249197363853,-0.49222320318222046,-0.06794174015522003,0.9880955815315247,-0.13802538812160492,0.48759299516677856,0.15358304977416992,0.8594564199447632
4,1648560228.1609428,-98.53839874267578,-81.98407745361328,1753.843994140625,0.01124934758991003,-0.9998586177825928,-0.012499803677201271,-0.9956583380699158,-0.010045196861028671,-0.09253981709480286,0.0924011692404747,0.013486545532941818,-0.9956305027008057
410,1648560228.1609607,-57.72137451171875,-131.61105346679688,1748.0416259765625,0.0014966605231165886,0.7785136103630066,-0.6276259422302246,-0.9900112152099609,0.08963675051927567,0.10882551968097687,0.14098049700260162,0.6211938261985779,0.7708714008331299
300,1648560228.2108777,77.45416259765625,-55.44896697998047,1839.167724609375,0.8708946108818054,-0.008668256923556328,-0.4913933575153351,-0.06791267544031143,0.9881301522254944,-0.13779215514659882,0.48675501346588135,0.15337428450584412,0.8599685430526733
4,1648560228.2109044,-98.73115539550781,-81.977783203125,1753.6962890625,0.007526818197220564,-0.9998517036437988,-0.01549002155661583,-0.9956592917442322,-0.006056401878595352,-0.09287545830011368,0.0927678644657135,0.016121840104460716,-0.9955572485923767
410,1648560228.2109232,-57.994178771972656,-131.60386657714844,1747.8165283203125,0.003029675455763936,0.7804384827613831,-0.6252252459526062,-0.9900829195976257,0.0901557058095932,0.10773934423923492,0.1404515504837036,0.6186984181404114,0.7729719877243042
300,1648560228.281128,77.46940612792969,-55.43868637084961,1839.0960693359375,0.8702693581581116,-0.009201252833008766,-0.4924902021884918,-0.06802080571651459,0.9880017042160034,-0.1386571228504181,0.48785698413848877,0.15416863560676575,0.8592017292976379
4,1648560228.2811553,-98.51332092285156,-81.94001770019531,1753.66748046875,0.009524978697299957,-0.9998453259468079,-0.014783124439418316,-0.9956374168395996,-0.008110538125038147,-0.09295337647199631,0.09281910210847855,0.015604010783135891,-0.9955607056617737
300,1648560228.3226511,77.45140838623047,-55.4422607421875,1839.1224365234375,0.8705986142158508,-0.00910722091794014,-0.4919096827507019,-0.06779573112726212,0.9880699515342712,-0.13828034698963165,0.4873005449771881,0.15373605489730835,0.8595948815345764
4,1648560228.3226779,-98.66090393066406,-81.9477310180664,1753.7484130859375,0.007211401127278805,-0.9998475909233093,-0.01589788869023323,-0.9956043362617493,-0.005694345571100712,-0.09348565340042114,0.0933808758854866,0.016502169892191887,-0.9954937100410461
300,1648560228.355722,77.46465301513672,-55.44777297973633,1839.0755615234375,0.8704475164413452,-0.008787487633526325,-0.4921828508377075,-0.0678306370973587,0.9881619811058044,-0.13760428130626678,0.4875655472278595,0.1531623750925064,0.8595470190048218
4,1648560228.3557487,-98.46143341064453,-81.97850036621094,1753.785400390625,0.012613083235919476,-0.9998286366462708,-0.013547987677156925,-0.99542635679245,-0.011272105388343334,-0.09486442804336548,0.09469546377658844,0.014682556502521038,-0.9953979849815369
300,1648560228.3933146,77.45939636230469,-55.44430923461914,1839.120361328125,0.8703980445861816,-0.008915750309824944,-0.4922679364681244,-0.0680253878235817,0.9880691170692444,-0.13817383348941803,0.4876266419887543,0.15375295281410217,0.8594069480895996
4,1648560228.393342,-98.3283920288086,-82.01020050048828,1753.87841796875,0.011335325427353382,-0.9998419880867004,-0.01369157899171114,-0.9952750205993652,-0.009960954077541828,-0.09658385813236237,0.09643221646547318,0.014721695333719254,-0.9952306747436523
300,1648560228.4429703,77.46541595458984,-55.43513870239258,1839.102294921875,0.8703805804252625,-0.009079014882445335,-0.49229589104652405,-0.06784272938966751,0.9880824089050293,-0.1381685435771942,0.48768335580825806,0.1536579132080078,0.8593917489051819
4,1648560228.442997,-98.41033935546875,-81.93902587890625,1753.6868896484375,0.00930160190910101,-0.9998419284820557,-0.01515101082623005,-0.9955812096595764,-0.00784396007657051,-0.09357654303312302,0.09344290941953659,0.015954473987221718,-0.9954968094825745
300,1648560228.4758866,77.46367645263672,-55.432743072509766,1839.1390380859375,0.8703179359436035,-0.009081157855689526,-0.4924065172672272,-0.06797170639038086,0.9880466461181641,-0.13836048543453217,0.48777711391448975,0.1538873314857483,0.859297513961792
4,1648560228.4759114,-98.37590026855469,-81.89928436279297,1753.6201171875,0.01185104064643383,-0.9998372197151184,-0.013604434207081795,-0.99565589427948,-0.010542718693614006,-0.09251067787408829,0.09235218912363052,0.014641682617366314,-0.9956187605857849
410,1648560228.4759293,-57.85917282104492,-131.5052490234375,1747.518798828125,0.0035043901298195124,0.7837797403335571,-0.6210290193557739,-0.990203320980072,0.089409738779068,0.10725341737270355,0.1395891010761261,0.6145691275596619,0.7764146327972412
300,1648560228.5132058,77.47289276123047,-55.43294906616211,1839.0919189453125,0.8703733682632446,-0.009170505218207836,-0.4923068881034851,-0.06791236251592636,0.9880353808403015,-0.1384703367948532,0.4876864552497864,0.1539546251296997,0.8593369126319885
4,1648560228.513233,-98.2969741821289,-81.86283111572266,1753.4093017578125,0.012583230622112751,-0.9998188614845276,-0.014279874041676521,-0.9958574771881104,-0.011244669556617737,-0.09022988379001617,0.09005296230316162,0.015356102958321571,-0.995818555355072
410,1648560228.5132518,-57.69880294799805,-131.4287872314453,1747.29638671875,0.004582819528877735,0.7821610569953918,-0.6230594515800476,-0.9903930425643921,0.0896618664264679,0.10527282953262329,0.13820497691631317,0.6165912747383118,0.7750577926635742
300,1648560228.5628254,77.47083282470703,-55.43959045410156,1839.09912109375,0.8701584935188293,-0.009087192825973034,-0.4926881790161133,-0.06810369342565536,0.9880174398422241,-0.1385040581226349,0.4880431294441223,0.15407437086105347,0.8591129183769226
4,1648560228.5628526,-98.49775695800781,-81.86028289794922,1753.13330078125,0.010786022059619427,-0.9998173713684082,-0.015774600207805634,-0.9958022832870483,-0.009306075982749462,-0.09105577319860458,0.09089234471321106,0.016690513119101524,-0.9957208633422852
300,1648560228.5938241,77.49019622802734,-55.43136215209961,1839.0677490234375,0.8702828288078308,-0.009327046573162079,-0.49246397614479065,-0.06773962080478668,0.9880538582801819,-0.13842283189296722,0.48787203431129456,0.15382634103298187,0.8592545390129089
4,1648560228.5938506,-98.33184051513672,-81.83351135253906,1753.1334228515625,0.010035981424152851,-0.9998236894607544,-0.015870094299316406,-0.9958817362785339,-0.008563783951103687,-0.09025636315345764,0.09010454267263412,0.016710547730326653,-0.9957920908927917
410,1648560228.5938697,-57.91330337524414,-131.51124572753906,1746.9327392578125,0.003498254343867302,0.7846969366073608,-0.6198697686195374,-0.9903621673583984,0.08854540437459946,0.1065010353922844,0.13845765590667725,0.6135229468345642,0.7774438858032227
300,1648560228.634804,77.49092102050781,-55.430240631103516,1839.0816650390625,0.8703974485397339,-0.009014199487864971,-0.4922672212123871,-0.0675884336233139,0.9881790280342102,-0.13760095834732056,0.48768851161003113,0.1530390977859497,0.8594992756843567
4,1648560228.6348288,-98.26201629638672,-81.84556579589844,1753.2637939453125,0.010403907857835293,-0.999843955039978,-0.014278662391006947,-0.9957387447357178,-0.00905058067291975,-0.09177370369434357,0.09163015335798264,0.015172623097896576,-0.9956775307655334
410,1648560228.6348462,-57.888755798339844,-131.54689025878906,1747.152099609375,0.003453203709796071,0.7846857309341431,-0.619884192943573,-0.9900478720664978,0.08989446610212326,0.10827840119600296,0.1406886726617813,0.6133410930633545,0.7771868109703064
300,1648560228.6826682,77.46392059326172,-55.4409294128418,1839.1273193359375,0.8703096508979797,-0.008777451701462269,-0.49242672324180603,-0.06795995682477951,0.9881362318992615,-0.1377250999212265,0.48779356479644775,0.1533287763595581,0.859387993812561
4,1648560228.6826956,-98.39785766601562,-81.88504791259766,1753.5906982421875,0.010499360039830208,-0.9998591542243958,-0.013093234971165657,-0.9956557750701904,-0.009241956286132336,-0.09265045076608658,0.09251639991998672,0.014009126462042332,-0.995612621307373
300,1648560228.7122984,77.47549438476562,-55.439369201660156,1839.0989990234375,0.870270311832428,-0.00923372432589531,-0.49248790740966797,-0.06773921102285385,0.9880813360214233,-0.1382269263267517,0.4878944754600525,0.1536555290222168,0.8592723608016968
4,1648560228.7123237,-98.41944122314453,-81.88931274414062,1753.7366943359375,0.009037170559167862,-0.9998563528060913,-0.014340439811348915,-0.9955642223358154,-0.007653446402400732,-0.09377235919237137,0.09364913403987885,0.015124266035854816,-0.9954903721809387
410,1648560228.7123432,-57.99007034301758,-131.6890869140625,1747.837158203125,0.0010695767123252153,0.7837073802947998,-0.6211292743682861,-0.9895910620689392,0.09021272510290146,0.11212148517370224,0.1439042091369629,0.6145440340042114,0.7756463289260864
300,1648560228.752488,77.45563507080078,-55.43779754638672,1839.0872802734375,0.8706353902816772,-0.008860554546117783,-0.4918490946292877,-0.06768117100000381,0.9881719946861267,-0.13760598003864288,0.48725074529647827,0.15309356153011322,0.8597378134727478
4,1648560228.7525275,-98.5380859375,-81.91059112548828,1753.7374267578125,0.007574306335300207,-0.9998483061790466,-0.015683148056268692,-0.9954227805137634,-0.006044729612767696,-0.09537781774997711,0.09526855498552322,0.01633378490805626,-0.9953175783157349
300,1648560228.802506,77.45384979248047,-55.45320510864258,1839.1480712890625,0.8703770041465759,-0.008502501994371414,-0.492312490940094,-0.06767409294843674,0.9882965683937073,-0.13671188056468964,0.48771315813064575,0.1523076742887497,0.8596152067184448
4,1648560228.802536,-98.69770812988281,-81.90373229980469,1753.7061767578125,0.008646217174828053,-0.9998145699501038,-0.01720801182091236,-0.9955764412879944,-0.006996982265263796,-0.09369389712810516,0.09355611354112625,0.01794198900461197,-0.995452344417572
410,1648560228.8025546,-58.266014099121094,-131.78884887695312,1747.8466796875,-0.0006004759925417602,0.7842707633972168,-0.62041836977005,-0.9896907806396484,0.08838985860347748,0.1126914843916893,0.14321933686733246,0.6140900254249573,0.7761325240135193
300,1648560228.8540823,77.45281219482422,-55.45083236694336,1839.09326171875,0.8703306913375854,-0.009010739624500275,-0.49238529801368713,-0.06785586476325989,0.9881018400192261,-0.13802315294742584,0.4877704977989197,0.15353702008724213,0.8593639135360718
4,1648560228.8541079,-98.81376647949219,-81.9233627319336,1753.6307373046875,0.0071221026591956615,-0.9998162388801575,-0.017799362540245056,-0.9956191778182983,-0.005430448800325394,-0.09334329515695572,0.09322948008775711,0.01838618703186512,-0.9954748749732971
300,1648560228.9023445,77.44971466064453,-55.4549674987793,1839.1175537109375,0.8707830309867859,-0.008416233584284782,-0.49159547686576843,-0.06757862865924835,0.9883151054382324,-0.13662496209144592,0.48700109124183655,0.15219204127788544,0.860039234161377
4,1648560228.9023712,-98.97819519042969,-81.9126205444336,1753.5133056640625,0.007529116701334715,-0.9998342990875244,-0.016573471948504448,-0.995647668838501,-0.005955886095762253,-0.09300693869590759,0.09289281815290451,0.01720159873366356,-0.9955275058746338
410,1648560228.9023893,-58.995079040527344,-131.81353759765625,1747.2078857421875,-0.0014489858876913786,0.788813591003418,-0.6146308183670044,-0.9900470972061157,0.08536488562822342,0.11189081519842148,0.1407288908958435,0.6086755990982056,0.7808389067649841
300,1648560228.9539592,77.4100570678711,-55.481353759765625,1839.154052734375,0.8707900643348694,-0.008242445066571236,-0.491585910320282,-0.0676465854048729,0.9883415102958679,-0.1364000141620636,0.48697903752326965,0.152029886841774,0.8600804209709167
4,1648560228.9539843,-99.2484359741211,-81.99459075927734,1754.019775390625,0.006991478614509106,-0.9998324513435364,-0.01691686548292637,-0.9954653978347778,-0.005354021675884724,-0.09497328102588654,0.0948667973279953,0.01750415936112404,-0.9953360557556152
410,1648560228.9540038,-58.98436737060547,-131.80844116210938,1748.018798828125,-1.0723236300691497e-05,0.785898745059967,-0.6183552145957947,-0.9896829128265381,0.08858663588762283,0.11260637640953064,0.1432752162218094,0.6119767427444458,0.7777895927429199
300,1648560229.0021813,77.39726257324219,-55.49551773071289,1839.2236328125,0.8708319067955017,-0.00878659263253212,-0.49150240421295166,-0.067733034491539,0.9881590604782104,-0.13767306506633759,0.4868922233581543,0.1531810462474823,0.8599253296852112
4,1648560229.0022092,-99.41165161132812,-82.11219787597656,1754.2578125,0.001127500319853425,-0.9998214840888977,-0.01886126399040222,-0.9949280023574829,0.0007755436236038804,-0.1005864143371582,0.10058308392763138,0.018879011273384094,-0.9947495460510254
300,1648560229.0338836,77.39205932617188,-55.51999282836914,1839.215087890625,0.8708937764167786,-0.008099377155303955,-0.49140456318855286,-0.06755971163511276,0.9883993268013,-0.1360238641500473,0.48680561780929565,0.1516614854335785,0.8602436184883118
4,1648560229.0339098,-99.42936706542969,-82.0943832397461,1754.3594970703125,0.005326507147401571,-0.9998046159744263,-0.019037144258618355,-0.9953191876411438,-0.003463644301518798,-0.09657999873161316,0.09649518877267838,0.019462469965219498,-0.9951431751251221
300,1648560229.1021829,77.3936996459961,-55.50046157836914,1839.2027587890625,0.8711894750595093,-0.008447614498436451,-0.4908742904663086,-0.06727052479982376,0.9883673191070557,-0.13639891147613525,0.48631635308265686,0.15185067057609558,0.8604869246482849
4,1648560229.1022105,-99.61752319335938,-82.17171478271484,1754.5885009765625,-0.002362798899412155,-0.9998013973236084,-0.019788792356848717,-0.9949369430541992,0.004338640719652176,-0.10040751099586487,0.10047342628240585,0.019451357424259186,-0.9947496056556702
410,1648560229.1022289,-59.32748031616211,-132.09109497070312,1748.829345703125,-0.00252789375372231,0.7850221991539001,-0.6194624900817871,-0.9891518354415894,0.08902119845151901,0.11684982478618622,0.14687499403953552,0.6130378246307373,0.7762810587882996
300,1648560229.1537864,77.35742950439453,-55.52831268310547,1839.2791748046875,0.8711247444152832,-0.007959372363984585,-0.4909972548484802,-0.06756948679685593,0.9884151220321655,-0.1359042525291443,0.4863908290863037,0.15156598389148712,0.8604950308799744
4,1648560229.1538115,-100.06676483154297,-82.17439270019531,1754.57421875,-0.003452632110565901,-0.9997451901435852,-0.022306524217128754,-0.9950129389762878,0.0056582544930279255,-0.09958517551422119,0.09968601912260056,0.021851450204849243,-0.9947789907455444
410,1648560229.1538298,-60.48851776123047,-132.1962127685547,1748.1953125,-0.005051676649600267,0.7932369709014893,-0.6088920831680298,-0.9896892309188843,0.08319453150033951,0.11659301817417145,0.14314238727092743,0.6032029390335083,0.7846378087997437
300,1648560229.2019799,77.38282012939453,-55.52789306640625,1839.248046875,0.8708234429359436,-0.00821580458432436,-0.491527259349823,-0.06757751852273941,0.9883675575256348,-0.13624539971351624,0.4869289696216583,0.15186187624931335,0.860138475894928
4,1648560229.2020063,-99.98308563232422,-82.09909057617188,1754.1085205078125,0.002243014285340905,-0.9998091459274292,-0.019408198073506355,-0.9956154227256775,-0.0004178119415882975,-0.09354022890329361,0.09351426362991333,0.019532913342118263,-0.9954262971878052
410,1648560229.202025,-60.40955352783203,-132.24342346191406,1747.48193359375,-0.002592360135167837,0.7928975820541382,-0.6093493700027466,-0.9904294013977051,0.08205242455005646,0.11098183691501617,0.13799582421779633,0.6038052439689636,0.7850964069366455
300,1648560229.2536361,77.39408874511719,-55.535865783691406,1839.22412109375,0.8708661794662476,-0.008325055241584778,-0.49144962430000305,-0.06756092607975006,0.9883387684822083,-0.13646261394023895,0.48685476183891296,0.15204347670078278,0.8601483702659607
4,1648560229.2536604,-99.71399688720703,-82.09835815429688,1753.7254638671875,0.004992630798369646,-0.9998124241828918,-0.01871236227452755,-0.995827853679657,-0.003265972947701812,-0.09119322896003723,0.09111501276493073,0.019089585170149803,-0.9956573843955994
300,1648560229.3018382,77.3778076171875,-55.534969329833984,1839.264892578125,0.8712170124053955,-0.00822976790368557,-0.49082911014556885,-0.06750483810901642,0.9883522987365723,-0.13639222085475922,0.48623454570770264,0.151960551738739,0.8605137467384338
4,1648560229.3018656,-99.64337921142578,-82.10426330566406,1753.8031005859375,0.002831030869856477,-0.9998010396957397,-0.01974508911371231,-0.9958109259605408,-0.0010140680242329836,-0.09143058955669403,0.09139237552881241,0.01992121897637844,-0.9956156611442566
300,1648560229.3534958,77.37605285644531,-55.536460876464844,1839.20556640625,0.8709481358528137,-0.008279483765363693,-0.4913052022457123,-0.06780698895454407,0.9882673025131226,-0.13685733079910278,0.4866739809513092,0.15250957012176514,0.8601681590080261
4,1648560229.3535197,-99.80040740966797,-82.11018371582031,1753.9898681640625,0.0015362335834652185,-0.9997872114181519,-0.020571397617459297,-0.9958016276359558,0.0003533342096488923,-0.09153693914413452,0.09152473509311676,0.020625652745366096,-0.9955891966819763
410,1648560229.3535383,-59.37700653076172,-135.5896759033203,1748.323974609375,0.0009407349280081689,0.7895538806915283,-0.6136804819107056,-0.9905420541763306,0.08493655920028687,0.10775990784168243,0.13720616698265076,0.6077749729156494,0.7821662425994873
300,1648560229.4016926,77.36968994140625,-55.54037094116211,1839.237060546875,0.871102511882782,-0.008329950273036957,-0.49103057384490967,-0.06742300093173981,0.9883599877357483,-0.13637711107730865,0.48645099997520447,0.15190519392490387,0.8604012131690979
4,1648560229.4017193,-99.68724822998047,-82.18181610107422,1754.2203369140625,0.0018519232980906963,-0.9998118281364441,-0.01930975168943405,-0.9955606460571289,-2.6227968191960827e-05,-0.09412233531475067,0.09410411864519119,0.019398335367441177,-0.9953733682632446
300,1648560229.4534945,77.35730743408203,-55.53084182739258,1839.306640625,0.871180534362793,-0.008147272281348705,-0.49089524149894714,-0.0675070583820343,0.9883776903152466,-0.13620708882808685,0.48629963397979736,0.15179985761642456,0.8605053424835205
4,1648560229.4535196,-99.56940460205078,-82.202880859375,1754.3743896484375,0.0030901592690497637,-0.9998714327812195,-0.015734078362584114,-0.9953578114509583,-0.0015619097976014018,-0.09623093903064728,0.09619399160146713,0.015958407893776894,-0.9952346682548523
300,1648560229.501747,77.34901428222656,-55.53300476074219,1839.288330078125,0.8717663288116455,-0.007881770841777325,-0.489858478307724,-0.06743862479925156,0.9884219765663147,-0.13591933250427246,0.48525816202163696,0.15152528882026672,0.8611414432525635
4,1648560229.501773,-99.64574432373047,-82.1811294555664,1754.222412109375,-0.00045722402865067124,-0.9998432993888855,-0.017697151750326157,-0.9954652190208435,0.00213852571323514,-0.09510230273008347,0.09512525051832199,0.017573416233062744,-0.9953101873397827
300,1648560229.553418,77.37948608398438,-55.53300857543945,1839.1785888671875,0.8707635998725891,-0.008313806727528572,-0.4916316270828247,-0.06741787493228912,0.9883953332901001,-0.13612298667430878,0.4870581030845642,0.15167570114135742,0.8600981831550598
4,1648560229.5534434,-99.4382553100586,-82.23623657226562,1754.1771240234375,0.002289114287123084,-0.9998188614845276,-0.018895825371146202,-0.9952651858329773,-0.0004417568270582706,-0.09719601273536682,0.09717005491256714,0.01902884989976883,-0.9950858950614929
410,1648560229.553475,-58.85306930541992,-149.0467071533203,1750.8076171875,0.00039043501601554453,0.7840979099273682,-0.6206369996070862,-0.9897357821464539,0.08899760246276855,0.11181481182575226,0.142908975481987,0.6142229437828064,0.7760845422744751
300,1648560229.6017787,77.37863159179688,-55.54082489013672,1839.2569580078125,0.8703803420066833,-0.008404519408941269,-0.49230828881263733,-0.06754033267498016,0.9883651733398438,-0.13628149032592773,0.48772573471069336,0.15186738967895508,0.8596859574317932
4,1648560229.601806,-99.3196792602539,-82.26953887939453,1754.3785400390625,0.004419374745339155,-0.9998498558998108,-0.0167543888092041,-0.995074450969696,-0.002737778704613447,-0.09909278154373169,0.09903203696012497,0.017109792679548264,-0.9949371218681335
410,1648560229.6018248,-58.61717224121094,-153.6418914794922,1751.699951171875,-1.9046150555368513e-05,0.7820150256156921,-0.6232596039772034,-0.9899964332580566,0.0879223570227623,0.11034801602363586,0.14109225571155548,0.6170268654823303,0.7741904258728027
300,1648560229.6339777,77.35977172851562,-55.55241012573242,1839.278076171875,0.8707684278488159,-0.008002250455319881,-0.4916281998157501,-0.067377008497715,0.9884936809539795,-0.13542744517326355,0.48705509305000305,0.1510503739118576,0.8602099418640137
4,1648560229.634002,-99.39974975585938,-82.25740814208984,1754.505615234375,0.002815328072756529,-0.9997976422309875,-0.019919026643037796,-0.9952026009559631,-0.0008532793144695461,-0.0978318527340889,0.09779505431652069,0.020098896697163582,-0.9950035810470581
410,1648560229.63402,-58.265438079833984,-157.3935546875,1752.697021484375,0.0021591191180050373,0.7778931856155396,-0.6283928155899048,-0.9900982975959778,0.08986414223909378,0.10784173011779785,0.1403593271970749,0.6219378113746643,0.7703847289085388
300,1648560229.6715405,77.36736297607422,-55.53897476196289,1839.280517578125,0.870715320110321,-0.00822858139872551,-0.4917185604572296,-0.06737769395112991,0.9884355664253235,-0.13585048913955688,0.4871499836444855,0.15141797065734863,0.8600915670394897
4,1648560229.671567,-99.20787811279297,-82.27167510986328,1754.6207275390625,0.006129879970103502,-0.9998550415039062,-0.01588328927755356,-0.9950653314590454,-0.004525953438133001,-0.09911887347698212,0.09903261810541153,0.01641249656677246,-0.9949488043785095
300,1648560229.721654,77.37702941894531,-55.538719177246094,1839.299560546875,0.8705278038978577,-0.008583953604102135,-0.4920443892478943,-0.06751533597707748,0.9883103966712952,-0.13669009506702423,0.4874659478664398,0.15221306681632996,0.8597721457481384
4,1648560229.7216809,-98.9107894897461,-82.3246078491211,1754.828857421875,0.005220560822635889,-0.9999070167541504,-0.012597006745636463,-0.9948905110359192,-0.003923418466001749,-0.10088367015123367,0.10082487016916275,0.013059311546385288,-0.9948184490203857
410,1648560229.7217004,-56.93191146850586,-171.20362854003906,1755.935791015625,0.00430346978828311,0.7689550518989563,-0.6392883658409119,-0.9894582033157349,0.09581618756055832,0.10858987271785736,0.14475490152835846,0.6320817470550537,0.7612612247467041
300,1648560229.771388,77.3646011352539,-55.54538345336914,1839.2928466796875,0.870735228061676,-0.00793071836233139,-0.49168819189071655,-0.06738362461328506,0.9885141253471375,-0.13527460396289825,0.4871135652065277,0.1509200930595398,0.8601996898651123
4,1648560229.7714155,-98.6447525024414,-82.32765197753906,1754.9010009765625,0.008237184956669807,-0.9999314546585083,-0.008319045417010784,-0.9948008060455322,-0.007349858526140451,-0.10157454758882523,0.10150644928216934,0.009112481959164143,-0.9947931170463562
300,1648560229.8025448,77.36548614501953,-55.548221588134766,1839.2791748046875,0.8708764910697937,-0.008365677669644356,-0.49143075942993164,-0.06762364506721497,0.9883069396018982,-0.136661559343338,0.48682770133018494,0.15224768221378326,0.8601275682449341
4,1648560229.8025723,-98.44923400878906,-82.33118438720703,1754.8746337890625,0.008736501447856426,-0.9999322891235352,-0.007685494609177113,-0.9947211146354675,-0.007904610596597195,-0.1023104339838028,0.10224275290966034,0.008538758382201195,-0.994722843170166
410,1648560229.8025913,-55.15391159057617,-188.20620727539062,1759.4803466796875,0.0071497708559036255,0.7553654909133911,-0.655264675617218,-0.9879785180091858,0.10653090476989746,0.11202488094568253,0.15442568063735962,0.646586537361145,0.7470465898513794
300,1648560229.87282,77.35536193847656,-55.56002426147461,1839.353271484375,0.8706454038619995,-0.008180794306099415,-0.49184316396713257,-0.06757532060146332,0.9883933067321777,-0.13605958223342896,0.4872475862503052,0.151696115732193,0.8599872589111328
4,1648560229.8728454,-98.62335205078125,-82.31414031982422,1754.812255859375,0.008770102635025978,-0.999902606010437,-0.010855454951524734,-0.994918942451477,-0.007636517286300659,-0.10038893669843674,0.1002962589263916,0.011680719442665577,-0.9948890209197998
300,1648560229.9904356,77.37303161621094,-55.55643844604492,1839.20068359375,0.8709671497344971,-0.008102434687316418,-0.4912744164466858,-0.06744791567325592,0.988426923751831,-0.13587839901447296,0.48668980598449707,0.15148106217384338,0.86034095287323
4,1648560229.9904623,-99.0410385131836,-82.35759735107422,1754.8763427734375,0.006648362148553133,-0.9998474717140198,-0.016150737181305885,-0.9946262836456299,-0.0049432069063186646,-0.1034121885895729,0.10331657528877258,0.016751470044255257,-0.9945074319839478
300,1648560230.024979,77.37566375732422,-55.558250427246094,1839.21484375,0.8707596063613892,-0.008268283680081367,-0.49163949489593506,-0.06772685050964355,0.9883119463920593,-0.13657455146312714,0.48702239990234375,0.15222078561782837,0.8600220680236816
4,1648560230.0250046,-99.36394500732422,-82.39488220214844,1755.01513671875,0.0009704781696200371,-0.9998089671134949,-0.01952265202999115,-0.9943934679031372,0.0010994513286277652,-0.10573760420084,0.10573886334896088,0.019515814259648323,-0.9942024350166321
410,1648560230.025022,-52.482887268066406,-250.83428955078125,1772.9954833984375,0.0008840978844091296,0.6858872771263123,-0.7277072668075562,-0.9860783219337463,0.12160059064626694,0.11341444402933121,0.1662791520357132,0.7174760699272156,0.6764460802078247
