300,1648560711.5144193,77.69300842285156,-55.44643783569336,1838.766357421875,0.8742052316665649,-0.010165360756218433,-0.4854501783847809,-0.06626763194799423,0.9879282116889954,-0.14002293348312378,0.48101332783699036,0.15457841753959656,0.8629783987998962
4,1648560711.5144467,-220.16574096679688,-74.77598571777344,1695.610107421875,-0.18812188506126404,-0.8542394638061523,0.4846494197845459,-0.9791778326034546,0.12479497492313385,-0.16011570394039154,0.07629533857107162,-0.504679262638092,-0.8599290251731873
410,1648560711.5144918,-245.19996643066406,-182.32801818847656,1682.9002685546875,-0.19671401381492615,0.9572424292564392,-0.21210971474647522,-0.9745348691940308,-0.1671452820301056,0.14947976171970367,0.10763523727655411,0.23611308634281158,0.9657459855079651
300,1648560711.555909,77.7085952758789,-55.42699432373047,1838.7783203125,0.8736370205879211,-0.010485248640179634,-0.4864652156829834,-0.06621669977903366,0.987904965877533,-0.14021103084087372,0.4820515513420105,0.15470567345619202,0.8623760342597961
4,1648560711.5559351,-220.17340087890625,-74.7354507446289,1695.6063232421875,-0.18722286820411682,-0.8547443151473999,0.48410719633102417,-0.9791334271430969,0.12273284792900085,-0.16197027266025543,0.07902731001377106,-0.5043300986289978,-0.8598871231079102
410,1648560711.5559545,-245.0180206298828,-181.69398498535156,1682.9345703125,-0.1977235972881317,0.9571685791015625,-0.21150335669517517,-0.9742591977119446,-0.1680517941713333,0.15025830268859863,0.10827901214361191,0.23576870560646057,0.9657581448554993
300,1648560711.586702,77.71696472167969,-55.429012298583984,1838.7554931640625,0.8737668991088867,-0.010307677090168,-0.486235648393631,-0.06620525568723679,0.9879477620124817,-0.13991448283195496,0.4818176329135895,0.15444400906562805,0.8625536561012268
4,1648560711.586729,-219.7836151123047,-74.83811950683594,1695.4798583984375,-0.1848408579826355,-0.8530371189117432,0.4880179166793823,-0.9794317483901978,0.1190110296010971,-0.1629411280155182,0.08091531693935394,-0.5080984234809875,-0.8574897646903992
410,1648560711.5867474,-244.9775848388672,-181.8624725341797,1682.8939208984375,-0.19702142477035522,0.9575981497764587,-0.21021032333374023,-0.9740617275238037,-0.16685540974140167,0.15284977853298187,0.11129393428564072,0.234872505068779,0.965633749961853
300,1648560711.6260464,77.70925903320312,-55.422760009765625,1838.726318359375,0.8734117746353149,-0.010297304019331932,-0.4868735074996948,-0.06629733741283417,0.9879539608955383,-0.139827162027359,0.4824484586715698,0.15440510213375092,0.8622079491615295
4,1648560711.626075,-219.76522827148438,-74.82721710205078,1695.61279296875,-0.18402314186096191,-0.8534690141677856,0.48757168650627136,-0.9795936346054077,0.11845941096544266,-0.16236886382102966,0.08081934601068497,-0.5075017213821411,-0.8578521013259888
410,1648560711.6260948,-244.92628479003906,-181.7963104248047,1682.9622802734375,-0.1967019885778427,0.9578019976615906,-0.20957979559898376,-0.9742323160171509,-0.16687394678592682,0.15173810720443726,0.11036165058612823,0.23402659595012665,0.9659460783004761
300,1648560711.6756344,77.73896026611328,-55.40456008911133,1838.7242431640625,0.8735105991363525,-0.010524202138185501,-0.48669129610061646,-0.06616465747356415,0.9879221320152283,-0.14011473953723907,0.4822877049446106,0.15459346771240234,0.8622641563415527
4,1648560711.6756628,-219.99789428710938,-74.78556060791016,1695.700439453125,-0.1871984452009201,-0.8541547060012817,0.4851561188697815,-0.9788268804550171,0.12056843936443329,-0.16541224718093872,0.08279313147068024,-0.50584876537323,-0.8586397767066956
410,1648560711.675681,-244.83460998535156,-181.49923706054688,1682.8265380859375,-0.1972787082195282,0.957935094833374,-0.20842614769935608,-0.974277675151825,-0.16795337200164795,0.15024890005588531,0.1089228168129921,0.23270584642887115,0.9664283990859985
300,1648560711.7068298,77.72151947021484,-55.420249938964844,1838.744384765625,0.8738167881965637,-0.010320918634533882,-0.4861457943916321,-0.06632521748542786,0.9879008531570435,-0.14018866419792175,0.4817107319831848,0.15474292635917664,0.8625597953796387
4,1648560711.706857,-219.74864196777344,-74.74234771728516,1695.6435546875,-0.18404527008533478,-0.8529701828956604,0.48843544721603394,-0.9798295497894287,0.11985128372907639,-0.1599053144454956,0.07785484939813614,-0.5080133080482483,-0.8578234910964966
410,1648560711.7068758,-244.91261291503906,-181.38075256347656,1682.827392578125,-0.19706019759178162,0.9582086801528931,-0.20737265050411224,-0.974246621131897,-0.16774939000606537,0.15067718923091888,0.10959354788064957,0.2317245900630951,0.9665883183479309
300,1648560711.7542799,77.71478271484375,-55.4173583984375,1838.7508544921875,0.8741153478622437,-0.010512782260775566,-0.4856046438217163,-0.06620295345783234,0.9878569841384888,-0.14055496454238892,0.48118555545806885,0.1550097018480301,0.8628050088882446
4,1648560711.7543054,-220.11656188964844,-74.7271957397461,1695.83447265625,-0.18839691579341888,-0.8546696901321411,0.4837833344936371,-0.978699803352356,0.12247335910797119,-0.16476334631443024,0.0815676748752594,-0.5045195817947388,-0.8595386743545532
410,1648560711.754323,-244.90403747558594,-181.25926208496094,1683.170166015625,-0.1973109245300293,0.9581422805786133,-0.20744097232818604,-0.9739014506340027,-0.16736292839050293,0.15331542491912842,0.11218006163835526,0.23227787017822266,0.9661586880683899
300,1648560711.7870836,77.71804809570312,-55.41914749145508,1838.7603759765625,0.874260425567627,-0.010334228165447712,-0.485347181558609,-0.06609884649515152,0.9879286289215088,-0.1400998830795288,0.480936199426651,0.15456466376781464,0.8630238175392151
4,1648560711.78711,-220.11932373046875,-74.71124267578125,1695.9068603515625,-0.1870083212852478,-0.8543477058410645,0.48488953709602356,-0.979024350643158,0.1214556097984314,-0.1635844111442566,0.08086540549993515,-0.5053102970123291,-0.8591404557228088
410,1648560711.7871287,-244.9976806640625,-181.17300415039062,1683.49853515625,-0.19749383628368378,0.9580038189888,-0.20790600776672363,-0.9736670851707458,-0.16705721616744995,0.15512681007385254,0.11387988179922104,0.2330678254365921,0.9657695293426514
300,1648560711.8274748,77.73908233642578,-55.414817810058594,1838.7655029296875,0.8738168478012085,-0.010554097592830658,-0.4861406087875366,-0.06629244983196259,0.9878440499305725,-0.1406038999557495,0.48171505331993103,0.15508951246738434,0.8624951243400574
4,1648560711.8275042,-220.4668426513672,-74.6827392578125,1696.0089111328125,-0.19067232310771942,-0.855974555015564,0.48057425022125244,-0.978096067905426,0.12401679903268814,-0.16717630624771118,0.08349937945604324,-0.501923680305481,-0.8608719110488892
410,1648560711.8275251,-245.28793334960938,-180.99737548828125,1683.6944580078125,-0.19843320548534393,0.9581692218780518,-0.20624245703220367,-0.9735151529312134,-0.1683063507080078,0.15472939610481262,0.11354503780603409,0.2314836084842682,0.9661898612976074
300,1648560711.861974,77.73310852050781,-55.4037971496582,1838.770263671875,0.8737754821777344,-0.010674186050891876,-0.4862123727798462,-0.06624356657266617,0.9878289103507996,-0.14073330163955688,0.48179686069488525,0.1551777422428131,0.8624335527420044
4,1648560711.8620014,-220.26400756835938,-74.62434387207031,1695.9310302734375,-0.18643656373023987,-0.8551025390625,0.48377785086631775,-0.9791327118873596,0.12118300795555115,-0.16313736140727997,0.0808735191822052,-0.5040975213050842,-0.8598518371582031
410,1648560711.8620195,-245.55213928222656,-180.8402862548828,1683.5313720703125,-0.19998058676719666,0.9583178162574768,-0.2040458619594574,-0.9731577038764954,-0.1700623631477356,0.15505759418010712,0.11389392614364624,0.22957731783390045,0.9666035771369934
300,1648560711.9020956,77.72747039794922,-55.410648345947266,1838.7762451171875,0.8739598989486694,-0.010562519542872906,-0.48588329553604126,-0.06619302183389664,0.9878603219985962,-0.14053650200366974,0.4814692437648773,0.15498535335063934,0.8626511096954346
4,1648560711.902121,-220.5371856689453,-74.6352767944336,1695.94287109375,-0.18825675547122955,-0.8558579683303833,0.4817328155040741,-0.9785923957824707,0.12193012237548828,-0.16580095887184143,0.08316432684659958,-0.5026332139968872,-0.8604902625083923
410,1648560711.90214,-245.9775390625,-180.5869598388672,1683.149658203125,-0.20060160756111145,0.9585411548614502,-0.20238055288791656,-0.9732694029808044,-0.17141082882881165,0.1528559923171997,0.1118285283446312,0.22763396799564362,0.9673040509223938
300,1648560711.936205,77.72264099121094,-55.40434265136719,1838.7376708984375,0.8738819360733032,-0.010532149113714695,-0.48602405190467834,-0.0662202462553978,0.9878675937652588,-0.14047256112098694,0.4816069006919861,0.15494106709957123,0.8625822067260742
4,1648560711.9362302,-220.17808532714844,-74.62303924560547,1695.7412109375,-0.18893305957317352,-0.8538008332252502,0.4851066470146179,-0.9787977337837219,0.12393556535243988,-0.16307954490184784,0.07911548018455505,-0.5056324005126953,-0.859113872051239
410,1648560711.936248,-246.00782775878906,-180.55722045898438,1682.8165283203125,-0.20087949931621552,0.9585041403770447,-0.20228002965450287,-0.973285436630249,-0.1718432456254959,0.1522672474384308,0.11118833720684052,0.22746358811855316,0.9674179553985596
300,1648560711.9696765,77.73169708251953,-55.39409255981445,1838.71044921875,0.8740895986557007,-0.010666930116713047,-0.48564761877059937,-0.0661572515964508,0.9878295063972473,-0.14076972007751465,0.48123860359191895,0.15517444908618927,0.8627457618713379
4,1648560711.9697025,-219.83384704589844,-74.6327896118164,1695.718994140625,-0.18426865339279175,-0.85270094871521,0.48882120847702026,-0.9797711968421936,0.11985983699560165,-0.16025599837303162,0.07806041091680527,-0.5084631443023682,-0.8575382232666016
410,1648560711.9697213,-245.8748779296875,-180.58926391601562,1682.510009765625,-0.2010578066110611,0.9587187170982361,-0.20108237862586975,-0.9732199907302856,-0.17214633524417877,0.15234331786632538,0.11143878847360611,0.22632719576358795,0.967655599117279
300,1648560712.0053322,77.73656463623047,-55.408050537109375,1838.7474365234375,0.8745476007461548,-0.010409065522253513,-0.4848279356956482,-0.06607607752084732,0.9878876209259033,-0.14039963483810425,0.4804169237613678,0.15482169389724731,0.8632669448852539
4,1648560712.0053592,-219.62596130371094,-74.62870025634766,1695.5843505859375,-0.18521901965141296,-0.8513689637184143,0.490779846906662,-0.9796702265739441,0.12080243229866028,-0.16016574203968048,0.07707273960113525,-0.5104681253433228,-0.8564357161521912
410,1648560712.0053797,-245.9494171142578,-180.44473266601562,1682.3280029296875,-0.20052528381347656,0.9595758318901062,-0.1974937617778778,-0.9734413623809814,-0.1724269688129425,0.15060146152973175,0.11046026647090912,0.22244800627231598,0.9686668515205383
300,1648560712.0391617,77.75486755371094,-55.4123649597168,1838.75732421875,0.8740298748016357,-0.01053559873253107,-0.4857580065727234,-0.06613277643918991,0.9878809452056885,-0.1404195874929428,0.48135048151016235,0.15485544502735138,0.862740695476532
4,1648560712.039187,-219.8325958251953,-74.5984878540039,1695.6510009765625,-0.18496297299861908,-0.8529935479164124,0.48804786801338196,-0.979659378528595,0.1207122653722763,-0.16029971837997437,0.0778212621808052,-0.5077701807022095,-0.8579704165458679
410,1648560712.0392046,-245.74203491210938,-180.3690643310547,1682.4063720703125,-0.20050238072872162,0.9593102335929871,-0.19880320131778717,-0.9735450148582458,-0.17240038514137268,0.14996054768562317,0.10958494246006012,0.22361131012439728,0.9684984087944031
300,1648560712.0794377,77.74374389648438,-55.40065383911133,1838.73388671875,0.8739755153656006,-0.01076468825340271,-0.4858507513999939,-0.06627775728702545,0.9877729415893555,-0.14110958576202393,0.48142921924591064,0.15552742779254913,0.862575888633728
4,1648560712.0794647,-219.77780151367188,-74.58418273925781,1695.6416015625,-0.18526935577392578,-0.8524739146232605,0.48883888125419617,-0.9795759916305542,0.12065430730581284,-0.1608520895242691,0.0781417042016983,-0.5086557865142822,-0.857416570186615
410,1648560712.0794854,-245.59083557128906,-180.41488647460938,1682.7767333984375,-0.19917671382427216,0.9593167304992676,-0.20010022819042206,-0.9737023115158081,-0.17068912088871002,0.1508939266204834,0.11060014367103577,0.22489261627197266,0.9680862426757812
300,1648560712.1115499,77.75003051757812,-55.399627685546875,1838.7615966796875,0.8740959167480469,-0.010341639630496502,-0.48564326763153076,-0.0659712553024292,0.9879826307296753,-0.13977865874767303,0.48125267028808594,0.15421845018863678,0.8629093766212463
4,1648560712.1115928,-219.8900604248047,-74.5962142944336,1695.692626953125,-0.18688608705997467,-0.853757381439209,0.4859752655029297,-0.9789609909057617,0.12060549855232239,-0.16458936035633087,0.08190809190273285,-0.506510317325592,-0.8583346605300903
410,1648560712.1116242,-245.3914794921875,-180.3590087890625,1682.8045654296875,-0.20021817088127136,0.9588419795036316,-0.20133240520954132,-0.9732972383499146,-0.1711062639951706,0.1530202329158783,0.11227298527956009,0.22659370303153992,0.9674968123435974
300,1648560712.155852,77.76392364501953,-55.401649475097656,1838.7159423828125,0.8738275170326233,-0.010419189929962158,-0.48612433671951294,-0.06591372191905975,0.9880034923553467,-0.13965855538845062,0.48174765706062317,0.15407975018024445,0.862657904624939
4,1648560712.1558774,-219.61900329589844,-74.55644226074219,1695.8145751953125,-0.18382082879543304,-0.8529663681983948,0.4885266423225403,-0.9797645211219788,0.11895228922367096,-0.16097143292427063,0.07919185608625412,-0.508230984210968,-0.8575721383094788
410,1648560712.1558955,-245.41921997070312,-180.31674194335938,1683.1502685546875,-0.19878511130809784,0.9597293734550476,-0.19850431382656097,-0.9734379649162292,-0.1698767989873886,0.1534939706325531,0.11359140276908875,0.22374394536018372,0.9680060148239136
300,1648560712.189804,77.75833129882812,-55.40526580810547,1838.7227783203125,0.8739635944366455,-0.010798104107379913,-0.4858713746070862,-0.06617986410856247,0.9877959489822388,-0.1409943550825119,0.4814642369747162,0.15537883341312408,0.8625831007957458
4,1648560712.1898305,-219.80844116210938,-74.6100845336914,1696.073974609375,-0.1855284869670868,-0.8544709086418152,0.48524078726768494,-0.9791309833526611,0.119065061211586,-0.16469980776309967,0.0829559713602066,-0.5056707859039307,-0.8587289452552795
410,1648560712.1898491,-245.28684997558594,-180.26675415039062,1683.4163818359375,-0.1996690034866333,0.9592165350914001,-0.20008984208106995,-0.9732778072357178,-0.17051288485527039,0.15380407869815826,0.11341351270675659,0.22545291483402252,0.9676302671432495
300,1648560712.2282772,77.7815170288086,-55.40656661987305,1838.712890625,0.873370349407196,-0.010593129321932793,-0.48694151639938354,-0.06612937152385712,0.9879265427589417,-0.14010033011436462,0.48254653811454773,0.1545606106519699,0.8621252179145813
4,1648560712.2283123,-219.6483154296875,-74.60348510742188,1695.942626953125,-0.18489450216293335,-0.8534973859786987,0.4871922433376312,-0.9792273640632629,0.11801254749298096,-0.1648842990398407,0.08323351293802261,-0.5075581669807434,-0.8575878143310547
410,1648560712.2283342,-245.12066650390625,-180.24075317382812,1683.3162841796875,-0.19943280518054962,0.959877610206604,-0.197133406996727,-0.973107099533081,-0.1703324019908905,0.15507885813713074,0.11527851223945618,0.22275972366333008,0.9680335521697998
300,1648560712.2827973,77.75691223144531,-55.397666931152344,1838.7244873046875,0.8736886978149414,-0.010864749550819397,-0.48636406660079956,-0.0662446916103363,0.9877814054489136,-0.1410655975341797,0.48195403814315796,0.1554664522409439,0.8622937202453613
4,1648560712.2828248,-219.4874267578125,-74.6038589477539,1695.8887939453125,-0.18351756036281586,-0.8537352085113525,0.48729607462882996,-0.9795535802841187,0.11724893748760223,-0.1634853035211563,0.08243820816278458,-0.5073350667953491,-0.8577966690063477
410,1648560712.2828436,-245.1142578125,-180.0773468017578,1683.205078125,-0.19891370832920074,0.9593716859817505,-0.20009836554527283,-0.9734601378440857,-0.16984130442142487,0.1533927321434021,0.11317567527294159,0.22529970109462738,0.9676938056945801
300,1648560712.3357089,77.76123046875,-55.391502380371094,1838.708740234375,0.8739631772041321,-0.010769459418952465,-0.4858727753162384,-0.06614098697900772,0.9878168106079102,-0.14086617529392242,0.48147034645080566,0.15524795651435852,0.8626032471656799
4,1648560712.33575,-219.64138793945312,-74.53231048583984,1695.8564453125,-0.18547949194908142,-0.8532918095588684,0.48732990026474,-0.9793174862861633,0.1197190061211586,-0.16310936212539673,0.08083722740411758,-0.5075041055679321,-0.8578490018844604
410,1648560712.3357785,-245.32763671875,-179.79110717773438,1682.7552490234375,-0.20026935636997223,0.9605223536491394,-0.19310355186462402,-0.9732560515403748,-0.1724017858505249,0.15182317793369293,0.1125381588935852,0.21834473311901093,0.9693610072135925
300,1648560712.3835998,77.79280853271484,-55.3808708190918,1838.6986083984375,0.8730655312538147,-0.010947882197797298,-0.4874799847602844,-0.06608821451663971,0.987865686416626,-0.14054808020591736,0.4831034541130066,0.15492436289787292,0.8617479205131531
4,1648560712.3836308,-219.58740234375,-74.51763916015625,1695.7867431640625,-0.18328231573104858,-0.8540534377098083,0.4868267774581909,-0.9797406196594238,0.11802917718887329,-0.161794513463974,0.0807214081287384,-0.5066180229187012,-0.8583834767341614
410,1648560712.3836646,-245.40951538085938,-179.60716247558594,1682.90869140625,-0.1995752900838852,0.9607858657836914,-0.19251035153865814,-0.9731703400611877,-0.17138953506946564,0.1535092294216156,0.11449524015188217,0.21798200905323029,0.9692134261131287
300,1648560712.4352593,77.78809356689453,-55.3851432800293,1838.6644287109375,0.8726372718811035,-0.011267428286373615,-0.4882388710975647,-0.06612783670425415,0.9878004193305969,-0.14098751544952393,0.48387113213539124,0.15531714260578156,0.8612463474273682
4,1648560712.435284,-219.7864227294922,-74.5353012084961,1695.9281005859375,-0.18552803993225098,-0.855739176273346,0.48300081491470337,-0.9791423082351685,0.11956403404474258,-0.16427037119865417,0.08282306790351868,-0.5034033060073853,-0.860072910785675
410,1648560712.4353015,-245.32386779785156,-179.35952758789062,1683.3895263671875,-0.1987113356590271,0.9605465531349182,-0.19458720088005066,-0.973077118396759,-0.16971242427825928,0.1559443324804306,0.11676792055368423,0.22033625841140747,0.9684095978736877
300,1648560712.4833074,77.76324462890625,-55.40074157714844,1838.6727294921875,0.8737053275108337,-0.009608429856598377,-0.4863606095314026,-0.06573072075843811,0.9883038401603699,-0.13760434091091156,0.48199424147605896,0.15219447016716003,0.8628547787666321
4,1648560712.4833443,-220.15325927734375,-74.49348449707031,1695.969482421875,-0.1878805011510849,-0.8560164570808411,0.4815981388092041,-0.9790483713150024,0.12402262538671494,-0.16150124371051788,0.07851865142583847,-0.5018508434295654,-0.8613829612731934
410,1648560712.4833639,-245.04217529296875,-178.42550659179688,1683.2919921875,-0.19628162682056427,0.9601494669914246,-0.19896374642848969,-0.973739743232727,-0.16699501872062683,0.1547369658946991,0.11534465104341507,0.2241109311580658,0.9677137732505798
300,1648560712.5350552,77.7913589477539,-55.36670684814453,1838.6629638671875,0.8729081153869629,-0.011359218508005142,-0.48775243759155273,-0.06623151898384094,0.9877152442932129,-0.14153431355953217,0.4833682179450989,0.15585103631019592,0.8614323139190674
4,1648560712.535092,-219.57115173339844,-74.477783203125,1695.8145751953125,-0.18641625344753265,-0.8538421988487244,0.4860067069530487,-0.979482889175415,0.12296636402606964,-0.15966376662254333,0.07656518369913101,-0.5057991743087769,-0.8592467308044434
410,1648560712.5351264,-244.7857208251953,-176.5214385986328,1682.45849609375,-0.1977025717496872,0.9614481925964355,-0.19113114476203918,-0.9736174941062927,-0.169930100440979,0.15229175984859467,0.11394169181585312,0.21619710326194763,0.9696783423423767
300,1648560712.5829892,77.75717163085938,-55.39152526855469,1838.7247314453125,0.8733474016189575,-0.011003080755472183,-0.48697352409362793,-0.06624013930559158,0.987774670124054,-0.14111489057540894,0.4825728237628937,0.15549951791763306,0.8619416356086731
4,1648560712.5830305,-220.3674774169922,-74.75739288330078,1695.936767578125,-0.18798966705799103,-0.8581246137619019,0.4777887165546417,-0.9783456921577454,0.12071489542722702,-0.16812968254089355,0.08659999817609787,-0.4990491569042206,-0.8622356653213501
410,1648560712.5830579,-244.1712646484375,-172.76075744628906,1682.24462890625,-0.19352717697620392,0.9602071642875671,-0.2013687789440155,-0.9748967289924622,-0.1651754230260849,0.14931008219718933,0.11010744422674179,0.2252093255519867,0.9680687785148621
300,1648560712.6349807,77.75502014160156,-55.400638580322266,1838.753662109375,0.8740413188934326,-0.010503449477255344,-0.4857380986213684,-0.06605814397335052,0.987913191318512,-0.14022791385650635,0.4813399314880371,0.154651939868927,0.8627830743789673
4,1648560712.635017,-220.2557830810547,-74.6211166381836,1695.980224609375,-0.18598143756389618,-0.8571990728378296,0.48022979497909546,-0.9788832068443298,0.1194431409239769,-0.16589465737342834,0.08484459668397903,-0.5009422302246094,-0.8613119721412659
410,1648560712.6350358,-243.28736877441406,-169.3517303466797,1681.661865234375,-0.19448772072792053,0.9606050848960876,-0.19852550327777863,-0.9748657941818237,-0.16686633229255676,0.147622212767601,0.10867942869663239,0.2222464382648468,0.9689145088195801
300,1648560712.6687875,77.71026611328125,-55.41777420043945,1838.7589111328125,0.8744308948516846,-0.010448519140481949,-0.48503753542900085,-0.06638514995574951,0.9877873063087463,-0.14095845818519592,0.4805867075920105,0.15545772016048431,0.8630580902099609
4,1648560712.6688125,-220.11810302734375,-74.6397933959961,1696.068359375,-0.18790662288665771,-0.854995846748352,0.48339757323265076,-0.9789361953735352,0.1230228915810585,-0.16293945908546448,0.07984359562397003,-0.5038327574729919,-0.860103189945221
410,1648560712.6688313,-243.03839111328125,-166.84512329101562,1681.129150390625,-0.19395990669727325,0.9615263342857361,-0.1945420652627945,-0.9751837849617004,-0.16739913821220398,0.14489345252513885,0.10675269365310669,0.21781779825687408,0.9701336622238159
300,1648560712.73273,77.72521209716797,-55.39360046386719,1838.787353515625,0.8741944432258606,-0.011241476982831955,-0.48544585704803467,-0.06652619689702988,0.9875321388244629,-0.14266915619373322,0.480997234582901,0.15701545774936676,0.8625472784042358
4,1648560712.732773,-218.99497985839844,-74.43618774414062,1695.672607421875,-0.1743401139974594,-0.8507848381996155,0.4957526624202728,-0.9821376204490662,0.11404881626367569,-0.14966130256652832,0.07078955322504044,-0.512989342212677,-0.8554710745811462
410,1648560712.7328055,-241.45852661132812,-162.89517211914062,1680.0517578125,-0.1933697909116745,0.9623040556907654,-0.19125646352767944,-0.9749553799629211,-0.16663898527622223,0.1472867876291275,0.10986389219760895,0.21494734287261963,0.9704264998435974
300,1648560712.7827346,77.72853088378906,-55.43831253051758,1838.7685546875,0.8735781908035278,-0.010377513244748116,-0.48657315969467163,-0.0659852921962738,0.9880154132843018,-0.13954007625579834,0.4821898937225342,0.15400584042072296,0.8624239563941956
4,1648560712.7827616,-218.75450134277344,-74.57991027832031,1695.639892578125,-0.1799609661102295,-0.852527379989624,0.4907251000404358,-0.9812033772468567,0.12024291604757309,-0.15093567967414856,0.06967058032751083,-0.5086636543273926,-0.8581417798995972
410,1648560712.7827795,-241.1824493408203,-162.34828186035156,1679.5848388671875,-0.19206415116786957,0.9635774493217468,-0.18609113991260529,-0.9762267470359802,-0.16817769408226013,0.1367390751838684,0.10046230256557465,0.2079298347234726,0.9729709625244141
300,1648560712.8326492,77.73530578613281,-55.41852951049805,1838.7835693359375,0.8731396794319153,-0.010608436539769173,-0.4873546063899994,-0.0660683885216713,0.9879628419876099,-0.13987284898757935,0.48297208547592163,0.15432727336883545,0.8619287014007568
4,1648560712.8326764,-218.35321044921875,-74.65711212158203,1695.4390869140625,-0.1735365092754364,-0.8522867560386658,0.49344947934150696,-0.981862485408783,0.11087863147258759,-0.15379205346107483,0.07636191695928574,-0.5111880898475647,-0.8560698628425598
410,1648560712.832695,-240.76873779296875,-162.28326416015625,1678.9537353515625,-0.19506768882274628,0.9629678726196289,-0.18612217903137207,-0.9759894609451294,-0.17183353006839752,0.13385742902755737,0.09691836684942245,0.20776455104351044,0.9733656644821167
300,1648560712.8824918,77.74696350097656,-55.4137077331543,1838.67822265625,0.8742666244506836,-0.009923223406076431,-0.4853445887565613,-0.06583143025636673,0.9881317019462585,-0.13878732919692993,0.4809615910053253,0.1532880663871765,0.8632373213768005
4,1648560712.8825233,-218.38845825195312,-74.67276763916016,1695.314697265625,-0.177237868309021,-0.8514354825019836,0.4936034679412842,-0.9813247323036194,0.11479451507329941,-0.1543501913547516,0.07475624978542328,-0.5117419958114624,-0.855880618095398
410,1648560712.8825421,-240.5711669921875,-162.27801513671875,1678.8211669921875,-0.19535064697265625,0.962524950504303,-0.18810606002807617,-0.9756167531013489,-0.17115671932697296,0.13739457726478577,0.10005009174346924,0.21035955846309662,0.9724910259246826
300,1648560712.9322195,77.72734069824219,-55.408287048339844,1838.680419921875,0.8741873502731323,-0.010364089161157608,-0.48547816276550293,-0.06633420288562775,0.9878510236740112,-0.14053504168987274,0.48103663325309753,0.15505777299404144,0.8628793954849243
4,1648560712.9322534,-218.23037719726562,-74.5901870727539,1695.0604248046875,-0.17124702036380768,-0.8504951000213623,0.49732542037963867,-0.9823818206787109,0.1090591624379158,-0.1517631709575653,0.07483593374490738,-0.5145524144172668,-0.8541869521141052
410,1648560712.9322877,-240.82470703125,-162.0965118408203,1678.6575927734375,-0.19361509382724762,0.9631933569908142,-0.18647173047065735,-0.976012110710144,-0.16981472074985504,0.13624729216098785,0.09956683963537216,0.20837819576263428,0.9729670882225037
300,1648560712.9821115,77.74515533447266,-55.40238952636719,1838.623779296875,0.8740304112434387,-0.010581469163298607,-0.4857560098171234,-0.06630527228116989,0.9878120422363281,-0.1408223956823349,0.48132574558258057,0.15529122948646545,0.8626761436462402
4,1648560712.9821377,-218.54946899414062,-74.5174331665039,1695.0865478515625,-0.17491623759269714,-0.8529636859893799,0.4917898178100586,-0.9820127487182617,0.11506746709346771,-0.149701327085495,0.07110079377889633,-0.5091290473937988,-0.8577483892440796
410,1648560712.9821558,-240.8190155029297,-161.97509765625,1678.7086181640625,-0.19481714069843292,0.9631794095039368,-0.1852882206439972,-0.9757710695266724,-0.17114107310771942,0.1363140344619751,0.0995844379067421,0.20735520124435425,0.973183810710907
300,1648560713.032185,77.72156524658203,-55.40560531616211,1838.682861328125,0.8745351433753967,-0.01051839254796505,-0.4848480820655823,-0.0662013366818428,0.9878166317939758,-0.14083924889564514,0.48042240738868713,0.15526646375656128,0.8631840348243713
4,1648560713.032212,-218.55645751953125,-74.5248794555664,1695.1142578125,-0.17696329951286316,-0.8531032204627991,0.49081456661224365,-0.9815407395362854,0.11621806025505066,-0.1518917828798294,0.0725378468632698,-0.5086337327957153,-0.8579218983650208
410,1648560713.0322452,-240.60694885253906,-162.05722045898438,1678.96728515625,-0.19504283368587494,0.9624931812286377,-0.18858735263347626,-0.9755187630653381,-0.170456662774086,0.13895192742347717,0.10159430652856827,0.21107208728790283,0.9721764922142029
300,1648560713.081611,77.75592803955078,-55.40473937988281,1838.7060546875,0.8738245368003845,-0.01052369549870491,-0.48612743616104126,-0.06609755009412766,0.9879147410392761,-0.14019817113876343,0.4817278981208801,0.15464043617248535,0.8625686168670654
4,1648560713.0816371,-218.36634826660156,-74.53700256347656,1695.1005859375,-0.17553631961345673,-0.8526794910430908,0.49206167459487915,-0.9817370772361755,0.11437753587961197,-0.15201985836029053,0.0733434185385704,-0.5097602009773254,-0.8571845293045044
410,1648560713.0816674,-240.70054626464844,-162.08306884765625,1678.8890380859375,-0.19585014879703522,0.9623706340789795,-0.18837599456310272,-0.9750472903251648,-0.17063233256340027,0.14201180636882782,0.10452495515346527,0.2114885449409485,0.971775233745575
300,1648560713.1315463,77.747802734375,-55.403995513916016,1838.681396484375,0.873487651348114,-0.010917764157056808,-0.48672381043434143,-0.06622649729251862,0.9877907037734985,-0.141009122133255,0.48232075572013855,0.1554037481546402,0.8620999455451965
4,1648560713.131573,-218.32957458496094,-74.53247833251953,1695.1572265625,-0.17241281270980835,-0.8543357849121094,0.4902898967266083,-0.9822111129760742,0.11151628941297531,-0.1510808765888214,0.07439848780632019,-0.5076164603233337,-0.8583649396896362
410,1648560713.1315918,-240.60398864746094,-162.1275634765625,1679.208740234375,-0.19584284722805023,0.9620253443717957,-0.19013887643814087,-0.974979817867279,-0.17022453248500824,0.1429612785577774,0.10516607761383057,0.21337951719760895,0.9712925553321838
300,1648560713.181379,77.76915740966797,-55.39729690551758,1838.626953125,0.8732621669769287,-0.010448175482451916,-0.4871385991573334,-0.06618556380271912,0.987960159778595,-0.13983644545078278,0.4827345609664917,0.15435542166233063,0.8620566725730896
4,1648560713.181405,-218.39979553222656,-74.52101135253906,1695.2906494140625,-0.17239850759506226,-0.853857159614563,0.49112799763679504,-0.9821167588233948,0.11069927364587784,-0.1522904336452484,0.07566677033901215,-0.5085996389389038,-0.8576717972755432
410,1648560713.181423,-240.39370727539062,-162.11558532714844,1679.551513671875,-0.19519062340259552,0.9617869853973389,-0.1920062005519867,-0.9750685691833496,-0.16923175752162933,0.14353357255458832,0.10555517673492432,0.2152356207370758,0.9708407521247864
300,1648560713.2312913,77.74370574951172,-55.39378356933594,1838.69873046875,0.8738478422164917,-0.010725690051913261,-0.4860811233520508,-0.06628663837909698,0.9877933263778687,-0.14096248149871826,0.4816596210002899,0.15540045499801636,0.8624701499938965
4,1648560713.231321,-218.2931365966797,-74.52626037597656,1695.3155517578125,-0.1730940192937851,-0.8526949286460876,0.4928993880748749,-0.9819802641868591,0.11087238043546677,-0.15304258465766907,0.07584971189498901,-0.5105082392692566,-0.85652095079422
410,1648560713.2313406,-240.3628692626953,-162.060546875,1679.56689453125,-0.19624334573745728,0.9616923332214355,-0.1914065182209015,-0.9747003316879272,-0.17001929879188538,0.14509540796279907,0.10699433833360672,0.215038001537323,0.9707269668579102
300,1648560713.2810647,77.74251556396484,-55.393775939941406,1838.6903076171875,0.8739240765571594,-0.01011558249592781,-0.48595720529556274,-0.0658406913280487,0.9881049990653992,-0.1389731913805008,0.48158252239227295,0.15344777703285217,0.8628627061843872
4,1648560713.281091,-218.24485778808594,-74.52776336669922,1695.192138671875,-0.17453190684318542,-0.8525559306144714,0.4926326870918274,-0.9817274808883667,0.1121404767036438,-0.15373879671096802,0.07582686096429825,-0.5104633569717407,-0.8565497398376465
410,1648560713.2811093,-240.5395965576172,-162.03729248046875,1679.5081787109375,-0.19493216276168823,0.962023913860321,-0.19107979536056519,-0.9745090007781982,-0.16790860891342163,0.14879147708415985,0.11105701327323914,0.21521322429180145,0.9702317118644714
300,1648560713.3310173,77.74873352050781,-55.390419006347656,1838.698974609375,0.8738095760345459,-0.010838602669537067,-0.486147403717041,-0.06617465615272522,0.9878003001213074,-0.14096634089946747,0.4817444384098053,0.15534837543964386,0.8624321222305298
4,1648560713.3310432,-218.36094665527344,-74.56151580810547,1695.1015625,-0.17796491086483002,-0.852075457572937,0.49223557114601135,-0.9809553027153015,0.1140606552362442,-0.15721605718135834,0.0778152346611023,-0.5108400583267212,-0.8561467528343201
410,1648560713.3310733,-240.75836181640625,-161.78176879882812,1679.293212890625,-0.1963857263326645,0.9625406861305237,-0.1869439333677292,-0.9744184017181396,-0.17033429443836212,0.14661172032356262,0.10927677899599075,0.21095405519008636,0.9713686108589172
300,1648560713.38086,77.74513244628906,-55.39792251586914,1838.732421875,0.87416011095047,-0.010664365254342556,-0.48552069067955017,-0.06600652635097504,0.9878722429275513,-0.1405404657125473,0.4811311960220337,0.1549023985862732,0.8628545999526978
4,1648560713.3809009,-218.3498077392578,-74.56376647949219,1695.0576171875,-0.1758536398410797,-0.8522859811782837,0.4926297962665558,-0.9814919829368591,0.11325377225875854,-0.15442496538162231,0.07582204788923264,-0.5106683969497681,-0.8564279675483704
410,1648560713.3809192,-240.79776000976562,-161.59564208984375,1678.815185546875,-0.1982870101928711,0.9624554514884949,-0.18536923825740814,-0.9743099808692932,-0.17294549942016602,0.14425626397132874,0.10678145289421082,0.20921124517917633,0.9720228314399719
300,1648560713.4306827,77.73531341552734,-55.41252517700195,1838.79931640625,0.8740797638893127,-0.010093274526298046,-0.485677570104599,-0.06600762158632278,0.9880438446998596,-0.13932807743549347,0.4812770187854767,0.1538422852754593,0.8629629015922546
4,1648560713.430712,-218.2838897705078,-74.48939514160156,1694.945556640625,-0.17484718561172485,-0.851695716381073,0.4940069317817688,-0.9819774627685547,0.11427915096282959,-0.15053418278694153,0.07175462692975998,-0.51142418384552,-0.8563274145126343
410,1648560713.4307308,-240.96861267089844,-161.54144287109375,1678.6529541015625,-0.19728031754493713,0.9631065726280212,-0.1830468773841858,-0.9745847582817078,-0.1724570095539093,0.14297932386398315,0.10613661259412766,0.20660170912742615,0.9726514220237732
300,1648560713.4664197,77.74900817871094,-55.42510986328125,1838.7564697265625,0.8735058307647705,-0.00987428892403841,-0.4867134988307953,-0.06596720218658447,0.9881715178489685,-0.13843920826911926,0.48232337832450867,0.15303458273410797,0.8625221848487854
4,1648560713.4664614,-218.3636016845703,-74.34483337402344,1694.9302978515625,-0.1743946224451065,-0.8514645099639893,0.49456512928009033,-0.9824386239051819,0.11662087589502335,-0.14565013349056244,0.06633929908275604,-0.5112804770469666,-0.8568496704101562
410,1648560713.4665082,-240.81411743164062,-161.47543334960938,1678.8626708984375,-0.19736069440841675,0.9623928666114807,-0.18667812645435333,-0.9745118618011475,-0.17188216745853424,0.14416348934173584,0.10665526986122131,0.21037225425243378,0.9717860817909241
300,1648560713.5301473,77.78107452392578,-55.40898513793945,1838.652099609375,0.8728747963905334,-0.010790200904011726,-0.4878249764442444,-0.06625809520483017,0.9878742694854736,-0.14040769636631012,0.48342475295066833,0.15488068759441376,0.8615756034851074
4,1648560713.5301738,-218.68170166015625,-74.31987762451172,1695.041015625,-0.17431479692459106,-0.8527792692184448,0.4923229515552521,-0.9822909832000732,0.11571649461984634,-0.1473570019006729,0.06869310140609741,-0.5092909336090088,-0.8578484654426575
410,1648560713.5301926,-240.90521240234375,-161.32772827148438,1679.041259765625,-0.19880659878253937,0.9619078040122986,-0.18764130771160126,-0.9740200042724609,-0.17274361848831177,0.14643988013267517,0.1084478348493576,0.21187961101531982,0.9712600708007812
300,1648560713.5799465,77.78199005126953,-55.40367126464844,1838.6436767578125,0.8730482459068298,-0.010843205265700817,-0.4875132143497467,-0.06597182899713516,0.9879346489906311,-0.14011715352535248,0.48315054178237915,0.15449118614196777,0.8617992997169495
4,1648560713.5799742,-218.45907592773438,-74.38372039794922,1694.99267578125,-0.1733260601758957,-0.8524486422538757,0.4932437539100647,-0.9823242425918579,0.11368768662214279,-0.14870837330818176,0.07069052010774612,-0.51030033826828,-0.8570860028266907
410,1648560713.579995,-240.8721160888672,-161.19024658203125,1678.8629150390625,-0.20012937486171722,0.9620506167411804,-0.1854909211397171,-0.973824679851532,-0.1744939088821411,0.14566189050674438,0.10776707530021667,0.20978686213493347,0.9717899560928345
300,1648560713.6300719,77.77857208251953,-55.3917121887207,1838.6842041015625,0.8732222318649292,-0.010910061188042164,-0.4872000217437744,-0.06626433879137039,0.9878054857254028,-0.14088775217533112,0.48279595375061035,0.15531030297279358,0.8618507981300354
4,1648560713.630098,-218.2052459716797,-74.51371765136719,1694.9759521484375,-0.1756974160671234,-0.8512375354766846,0.4944947063922882,-0.9816679954528809,0.11379756778478622,-0.15289904177188873,0.0738811120390892,-0.5122935771942139,-0.8556265830993652
410,1648560713.6301174,-240.817138671875,-161.12965393066406,1678.7376708984375,-0.19876830279827118,0.9626671075820923,-0.18374773859977722,-0.9741074442863464,-0.17345088720321655,0.14501528441905975,0.10773023217916489,0.20781449973583221,0.9722177386283875
300,1648560713.6797447,77.76738739013672,-55.39457321166992,1838.7181396484375,0.8737785816192627,-0.011189188808202744,-0.48619526624679565,-0.06651905179023743,0.9875895380973816,-0.1422746181488037,0.48175331950187683,0.15665775537490845,0.862190306186676
4,1648560713.6797836,-218.21014404296875,-74.5094985961914,1694.9951171875,-0.17486801743507385,-0.8512653112411499,0.4947408437728882,-0.9817557334899902,0.11264140158891678,-0.1531912386417389,0.07467808574438095,-0.512502908706665,-0.8554320335388184
410,1648560713.6798065,-240.74635314941406,-160.83912658691406,1678.654541015625,-0.19855791330337524,0.9629409909248352,-0.1825360506772995,-0.9744346737861633,-0.17398114502429962,0.1421535611152649,0.10512766242027283,0.20609517395496368,0.9728684425354004
300,1648560713.729412,77.77105712890625,-55.40263748168945,1838.7083740234375,0.8738183975219727,-0.010888923890888691,-0.4861305356025696,-0.0663461685180664,0.9877294898033142,-0.1413813978433609,0.4817049503326416,0.15579456090927124,0.8623737096786499
4,1648560713.7294543,-218.17579650878906,-74.53236389160156,1695.0703125,-0.17333421111106873,-0.851886510848999,0.4942110776901245,-0.9817790985107422,0.10978057980537415,-0.15510642528533936,0.07787828892469406,-0.5120913982391357,-0.85539311170578
410,1648560713.7295034,-240.52120971679688,-160.64617919921875,1678.7525634765625,-0.19693103432655334,0.9628949761390686,-0.18453045189380646,-0.974797248840332,-0.17217865586280823,0.14186206459999084,0.10482605546712875,0.20781682431697845,0.9725346565246582
300,1648560713.7794487,77.7509994506836,-55.4097900390625,1838.6773681640625,0.8733934760093689,-0.01081834640353918,-0.48689502477645874,-0.06627970188856125,0.9878111481666565,-0.14084091782569885,0.48248398303985596,0.15528079867362976,0.8620308041572571
4,1648560713.7794766,-218.07907104492188,-74.38430786132812,1695.1524658203125,-0.17062178254127502,-0.8514020442962646,0.4959867000579834,-0.9828960299491882,0.11165761947631836,-0.1464514136314392,0.0693083330988884,-0.5124911069869995,-0.8558908700942993
410,1648560713.779495,-240.10263061523438,-159.86370849609375,1678.9444580078125,-0.19845107197761536,0.9614066481590271,-0.1905633807182312,-0.9742656350135803,-0.17230024933815002,0.14532414078712463,0.10688148438930511,0.2144990861415863,0.970858633518219
300,1648560713.8293252,77.74671173095703,-55.402835845947266,1838.667724609375,0.8735185265541077,-0.01104685477912426,-0.4866654872894287,-0.06649632751941681,0.9876631498336792,-0.14177365601062775,0.48222774267196655,0.15620337426662445,0.8620074987411499
4,1648560713.8293514,-218.25668334960938,-74.33853149414062,1695.2532958984375,-0.17049814760684967,-0.8504310250282288,0.4976921081542969,-0.9828483462333679,0.11075106263160706,-0.14745600521564484,0.07028122991323471,-0.51429682970047,-0.8547276258468628
410,1648560713.82937,-239.79383850097656,-157.8422088623047,1679.0966796875,-0.19675777852535248,0.961876392364502,-0.18994779884815216,-0.9744532108306885,-0.17045053839683533,0.14624489843845367,0.10829281061887741,0.2138700634241104,0.9708409905433655
300,1648560713.8647058,77.74585723876953,-55.39961624145508,1838.6566162109375,0.8735871315002441,-0.01096370629966259,-0.48654428124427795,-0.06675348430871964,0.9875974655151367,-0.14210981130599976,0.4820679724216461,0.15662382543087006,0.8620205521583557
4,1648560713.864731,-218.35125732421875,-74.44121551513672,1695.337646484375,-0.17924849689006805,-0.8500169515609741,0.4953192472457886,-0.9812159538269043,0.11797086149454117,-0.15263742208480835,0.07131115347146988,-0.5133751630783081,-0.8551962971687317
410,1648560713.8647492,-239.49139404296875,-156.33287048339844,1679.1134033203125,-0.19623763859272003,0.9618185758590698,-0.19077694416046143,-0.9740674495697021,-0.16886790096759796,0.15058641135692596,0.11262071132659912,0.21538032591342926,0.9700143933296204
300,1648560713.9290075,77.73007202148438,-55.41470718383789,1838.6336669921875,0.8730542659759521,-0.010817130096256733,-0.4875031113624573,-0.06675899028778076,0.9876886010169983,-0.14147228002548218,0.48303160071372986,0.1560581922531128,0.8615835905075073
4,1648560713.9290352,-218.4262237548828,-74.41484069824219,1695.581787109375,-0.17026276886463165,-0.851345419883728,0.49620717763900757,-0.9825170636177063,0.10818786174058914,-0.15151096880435944,0.07530457526445389,-0.5133287310600281,-0.854881763458252
410,1648560713.9290543,-238.83950805664062,-152.0150146484375,1678.5828857421875,-0.19425927102565765,0.9626234769821167,-0.18873091042041779,-0.9750322699546814,-0.16837826371192932,0.1447785198688507,0.10758902877569199,0.21214330196380615,0.9712979793548584
300,1648560713.9787319,77.72853088378906,-55.42207336425781,1838.60107421875,0.8731708526611328,-0.010122879408299923,-0.4873090982437134,-0.06629536300897598,0.9880266189575195,-0.139313742518425,0.48288461565971375,0.153951033949852,0.8620449900627136
4,1648560713.9787579,-218.18057250976562,-74.53080749511719,1695.5684814453125,-0.17849916219711304,-0.8493055105209351,0.4968080520629883,-0.9812483787536621,0.11633113026618958,-0.15368376672267914,0.07273022830486298,-0.5149245262145996,-0.8541446328163147
410,1648560713.9787757,-238.08721923828125,-149.42691040039062,1678.0758056640625,-0.19427284598350525,0.9622925519943237,-0.19039732217788696,-0.9749293923377991,-0.16794215142726898,0.1459728479385376,0.10849284380674362,0.21398252248764038,0.9707939028739929
300,1648560714.0105786,77.70539093017578,-55.43111801147461,1838.5966796875,0.8731580376625061,-0.010032659396529198,-0.48733392357826233,-0.06618911772966385,0.9880873560905457,-0.13893288373947144,0.48292234539985657,0.15356656908988953,0.8620923757553101
4,1648560714.010608,-218.30531311035156,-74.45455932617188,1695.695556640625,-0.16910777986049652,-0.850519061088562,0.4980159401893616,-0.9825525283813477,0.10579138994216919,-0.15296635031700134,0.07741499692201614,-0.5151945948600769,-0.8535698056221008
410,1648560714.010627,-237.63621520996094,-147.3292236328125,1677.9609375,-0.19237320125102997,0.9627791047096252,-0.1898655742406845,-0.9755104184150696,-0.16659526526927948,0.1436154544353485,0.10663925111293793,0.2128436118364334,0.971249520778656
300,1648560714.0502915,77.72794342041016,-55.40414047241211,1838.58935546875,0.8735600709915161,-0.010708028450608253,-0.48659858107566833,-0.06636374443769455,0.9878004789352417,-0.14087609946727753,0.48217082023620605,0.1553562432527542,0.8621923923492432
4,1648560714.0503173,-218.35348510742188,-74.52497100830078,1695.6185302734375,-0.17541879415512085,-0.8503211736679077,0.4961674213409424,-0.9815983772277832,0.11244118958711624,-0.1543424278497696,0.07545097917318344,-0.5141116976737976,-0.8543981909751892
410,1648560714.0503352,-237.0325164794922,-144.6092987060547,1677.496826171875,-0.19199126958847046,0.9631639122962952,-0.1882939487695694,-0.9751706123352051,-0.1656515747308731,0.14697565138339996,0.1103704571723938,0.2118367701768875,0.9710528254508972
300,1648560714.0982077,77.70201873779297,-55.42426681518555,1838.748046875,0.8737933039665222,-0.010807276703417301,-0.4861774146556854,-0.06662789732217789,0.9876643419265747,-0.14170335233211517,0.4817115366458893,0.15621241927146912,0.8622944355010986
4,1648560714.0982354,-218.26890563964844,-74.5174560546875,1695.59619140625,-0.16973361372947693,-0.8522183895111084,0.49488818645477295,-0.9821997284889221,0.10528877377510071,-0.15555693209171295,0.08046230673789978,-0.5124822854995728,-0.8549197316169739
410,1648560714.0982664,-236.217041015625,-141.46615600585938,1677.080810546875,-0.19044101238250732,0.9631627202033997,-0.1898678094148636,-0.9759000539779663,-0.16475129127502441,0.14309480786323547,0.10654260963201523,0.21254312992095947,0.9713259339332581
300,1648560714.1500857,77.70252990722656,-55.41039276123047,1838.697265625,0.874099850654602,-0.01026072259992361,-0.485637903213501,-0.06588878482580185,0.9880319833755493,-0.1394687294960022,0.4812568128108978,0.1539076864719391,0.8629624843597412
300,1648560714.19798,77.7007827758789,-55.410560607910156,1838.6551513671875,0.8741044998168945,-0.009806924499571323,-0.48563891649246216,-0.0659954845905304,0.9881274700164795,-0.13873979449272156,0.48123374581336975,0.15332305431365967,0.8630794286727905
300,1648560714.2498302,77.71664428710938,-55.417884826660156,1838.7305908203125,0.8738428950309753,-0.010382580570876598,-0.4860975742340088,-0.0658431351184845,0.9880351424217224,-0.13946770131587982,0.48172950744628906,0.15387903153896332,0.8627038598060608
300,1648560714.2978086,77.80049133300781,-55.39457702636719,1838.6417236328125,0.8729972243309021,-0.01142472680658102,-0.48759129643440247,-0.06612152606248856,0.9877233505249023,-0.1415291279554367,0.48322227597236633,0.15579482913017273,0.8615243434906006
300,1648560714.3495224,77.73135375976562,-55.409122467041016,1838.7181396484375,0.873192548751831,-0.011151260696351528,-0.4872477948665619,-0.06629529595375061,0.9877284169197083,-0.14141260087490082,0.4828454256057739,0.15578265488147736,0.8617377877235413
300,1648560714.3975072,77.77788543701172,-55.39784622192383,1838.6978759765625,0.8734645843505859,-0.010778101161122322,-0.48676833510398865,-0.06610073149204254,0.9878736734390259,-0.14048582315444946,0.4823797941207886,0.15488514304161072,0.8621602654457092
300,1648560714.4494143,77.75713348388672,-55.41417694091797,1838.7843017578125,0.8730968236923218,-0.010841184295713902,-0.4874263107776642,-0.06618720293045044,0.9878618121147156,-0.14052879810333252,0.48303332924842834,0.1549566239118576,0.8617814183235168
300,1648560714.4973137,77.75037384033203,-55.40938949584961,1838.8106689453125,0.8737361431121826,-0.011067857965826988,-0.48627427220344543,-0.06634499877691269,0.98768550157547,-0.141688734292984,0.48185423016548157,0.15606044232845306,0.8622422218322754
300,1648560714.5491214,77.73930358886719,-55.387691497802734,1838.689697265625,0.8733351230621338,-0.010901940986514091,-0.48699790239334106,-0.06620080769062042,0.9878177642822266,-0.14083145558834076,0.48260051012039185,0.15523269772529602,0.8619742393493652
300,1648560714.5970643,77.73442840576172,-55.37491226196289,1838.6470947265625,0.8733958005905151,-0.01103010680526495,-0.4868861436843872,-0.06634445488452911,0.9877286553382874,-0.1413877159357071,0.48247092962265015,0.15578962862491608,0.8619462847709656
300,1648560714.6490748,77.72486877441406,-55.38446044921875,1838.6409912109375,0.8737508058547974,-0.010825345292687416,-0.48625341057777405,-0.06644067168235779,0.9877237677574158,-0.14137698709964752,0.48181450366973877,0.15583525598049164,0.8623051643371582
300,1648560714.6820905,77.73030853271484,-55.3956413269043,1838.6802978515625,0.8734617233276367,-0.010688437148928642,-0.4867755174636841,-0.0662236288189888,0.987860381603241,-0.14052161574363708,0.48236820101737976,0.15497629344463348,0.8621503710746765
300,1648560714.7469518,77.73052215576172,-55.40975570678711,1838.6658935546875,0.8736444711685181,-0.010345682501792908,-0.4864547848701477,-0.06614919006824493,0.9879660606384277,-0.1398116797208786,0.48204728960990906,0.15432429313659668,0.8624467849731445
300,1648560714.7969255,77.7179183959961,-55.412078857421875,1838.6690673828125,0.87361079454422,-0.010298722423613071,-0.4865162968635559,-0.06608159840106964,0.9880042672157288,-0.13957349956035614,0.48211759328842163,0.15408268570899963,0.8624506592750549
300,1648560714.8283112,77.74235534667969,-55.40863037109375,1838.68603515625,0.8736099600791931,-0.010366483591496944,-0.4865163564682007,-0.06605292111635208,0.9879940748214722,-0.13965925574302673,0.48212307691574097,0.1541435569524765,0.8624367117881775
300,1648560714.8962395,77.69583129882812,-55.419254302978516,1838.7950439453125,0.8736264109611511,-0.010337292216718197,-0.48648741841316223,-0.06620439141988754,0.987952470779419,-0.13988164067268372,0.48207247257232666,0.1544118970632553,0.8624170422554016
300,1648560714.948091,77.6950912475586,-55.42105484008789,1838.8343505859375,0.8739330768585205,-0.010410700924694538,-0.4859347641468048,-0.06621409952640533,0.987899899482727,-0.14024809002876282,0.48151496052742004,0.15474317967891693,0.862669050693512
300,1648560714.9960816,77.68345642089844,-55.43610763549805,1838.810302734375,0.8733330368995667,-0.010163024067878723,-0.48701754212379456,-0.06598358601331711,0.9880996942520142,-0.13894309103488922,0.4826339781284332,0.15347875654697418,0.8622695207595825
300,1648560715.0476742,77.6965103149414,-55.43859100341797,1838.7669677734375,0.8736428618431091,-0.010061318054795265,-0.486463725566864,-0.06608781218528748,0.9880673885345459,-0.13912321627140045,0.48205870389938354,0.1536933332681656,0.862553060054779
300,1648560715.095671,77.6920394897461,-55.4324836730957,1838.7880859375,0.8734741806983948,-0.009468461386859417,-0.4867783784866333,-0.06617162376642227,0.9882248044013977,-0.13796046376228333,0.48235273361206055,0.15271581709384918,0.8625622987747192
4,1648560715.0956974,-217.5498809814453,-74.13825988769531,1695.9327392578125,-0.1641732156276703,-0.8472517132759094,0.5051847696304321,-0.9835019707679749,0.10114997625350952,-0.14997521042823792,0.07596732676029205,-0.521472156047821,-0.8498798608779907
410,1648560715.0957153,-235.93658447265625,-139.9663543701172,1676.5189208984375,-0.19360928237438202,0.9637173414230347,-0.18375077843666077,-0.9763237237930298,-0.17084357142448425,0.1326819509267807,0.0964752584695816,0.20508868992328644,0.9739769697189331
300,1648560715.147334,77.69508361816406,-55.412803649902344,1838.8099365234375,0.8728030920028687,-0.011248399503529072,-0.48794281482696533,-0.06640086323022842,0.9877026081085205,-0.14154313504695892,0.4835345149040222,0.15593911707401276,0.8613229990005493
4,1648560715.1473591,-217.1582794189453,-74.35472106933594,1695.9388427734375,-0.16890066862106323,-0.8445219993591309,0.5081881284713745,-0.982223629951477,0.10137058049440384,-0.15798978507518768,0.08191052079200745,-0.5258389711380005,-0.8466309905052185
410,1648560715.1473777,-236.48931884765625,-144.06478881835938,1676.864013671875,-0.19186453521251678,0.9638085961341858,-0.1850973516702652,-0.9764031767845154,-0.1684097796678543,0.13518482446670532,0.09912009537220001,0.20666681230068207,0.9733776450157166
300,1648560715.1798093,77.67215728759766,-55.41605758666992,1838.829833984375,0.8741120100021362,-0.01056713704019785,-0.4856094717979431,-0.06647338718175888,0.987754225730896,-0.14114823937416077,0.48115435242652893,0.155659481883049,0.862705409526825
4,1648560715.1798358,-217.2279815673828,-74.36497497558594,1695.919921875,-0.1700269877910614,-0.8437954187393188,0.5090187788009644,-0.9819638133049011,0.1017298698425293,-0.15936769545078278,0.08269132673740387,-0.526934802532196,-0.8458734154701233
410,1648560715.1798558,-237.03297424316406,-146.42324829101562,1677.0701904296875,-0.19036231935024261,0.965164303779602,-0.17949950695037842,-0.9768496751785278,-0.1680469810962677,0.1323816180229187,0.09760565310716629,0.20054450631141663,0.9748102426528931
300,1648560715.2192476,77.67066192626953,-55.41751480102539,1838.895751953125,0.8736894130706787,-0.01021240372210741,-0.48637694120407104,-0.06611470133066177,0.9880112409591675,-0.1395084261894226,0.4819706082344055,0.15404370427131653,0.8625397682189941
4,1648560715.219275,-217.3937530517578,-74.33200073242188,1696.2847900390625,-0.16992107033729553,-0.8431057333946228,0.5101956129074097,-0.9821521639823914,0.10251868516206741,-0.15769295394420624,0.08064724504947662,-0.5278850793838501,-0.8454781770706177
410,1648560715.2192953,-237.66249084472656,-149.92190551757812,1677.7630615234375,-0.18928049504756927,0.964687705039978,-0.1831681728363037,-0.9768983721733093,-0.1661592721939087,0.13439011573791504,0.09920939803123474,0.20437411963939667,0.9738525152206421
300,1648560715.2685995,77.69457244873047,-55.42618179321289,1838.66796875,0.8745549321174622,-0.009658505208790302,-0.48483026027679443,-0.06597315520048141,0.9881359338760376,-0.13868992030620575,0.48041772842407227,0.15327772498130798,0.8635419607162476
4,1648560715.2686265,-217.16500854492188,-74.27283477783203,1696.2376708984375,-0.1655389368534088,-0.8432554006576538,0.5113875865936279,-0.9830419421195984,0.09960490465164185,-0.15397197008132935,0.07890098541975021,-0.5282037854194641,-0.8454439043998718
410,1648560715.2686446,-238.27236938476562,-154.7897491455078,1678.4713134765625,-0.19145965576171875,0.9628031253814697,-0.19066546857357025,-0.9765281677246094,-0.16733187437057495,0.13562017679214478,0.09867111593484879,0.2121559977531433,0.9722416400909424
300,1648560715.2995994,77.655029296875,-55.44405746459961,1838.8143310546875,0.8751291632652283,-0.009634008631110191,-0.4837935268878937,-0.06578425318002701,0.9881507754325867,-0.13867396116256714,0.4793969392776489,0.15318362414836884,0.8641257882118225
4,1648560715.2996252,-217.2922821044922,-74.3891372680664,1696.270263671875,-0.17098988592624664,-0.8443077206611633,0.507845401763916,-0.9816601276397705,0.10188993066549301,-0.1611267626285553,0.08429623395204544,-0.5260826349258423,-0.8462453484535217
410,1648560715.2996447,-238.7016143798828,-158.33090209960938,1678.9852294921875,-0.19023603200912476,0.9615122675895691,-0.198253333568573,-0.9767773151397705,-0.1650993376970291,0.1365586221218109,0.0985713005065918,0.2196277379989624,0.9705912470817566
300,1648560715.3407664,77.68014526367188,-55.43792724609375,1838.8165283203125,0.874020516872406,-0.010033423081040382,-0.48578542470932007,-0.06589546799659729,0.9881022572517395,-0.13896676898002625,0.4813999831676483,0.15347087383270264,0.8629604578018188
4,1648560715.3407922,-217.4993133544922,-74.30422973632812,1696.2603759765625,-0.1700475662946701,-0.844966471195221,0.5070655941963196,-0.9819728136062622,0.10219508409500122,-0.1590142846107483,0.08254212886095047,-0.5249646306037903,-0.8471121191978455
410,1648560715.3408098,-239.3180694580078,-162.91500854492188,1679.438232421875,-0.18752364814281464,0.9604964852333069,-0.20562438666820526,-0.9773884415626526,-0.16163605451583862,0.13632911443710327,0.09770732372999191,0.22653983533382416,0.9690887331962585
300,1648560715.3885808,77.72493743896484,-55.43256759643555,1838.7447509765625,0.8728553652763367,-0.009939887560904026,-0.48787781596183777,-0.06587805598974228,0.9882394671440125,-0.1379956305027008,0.4835117757320404,0.15259066224098206,0.8619353175163269
4,1648560715.388607,-217.12440490722656,-74.37024688720703,1696.050048828125,-0.16969479620456696,-0.8429272174835205,0.5105656981468201,-0.9821977615356445,0.10230464488267899,-0.1575477570295334,0.08056805282831192,-0.5282115340232849,-0.8452818393707275
410,1648560715.3886259,-240.21417236328125,-169.73448181152344,1679.777099609375,-0.1886231154203415,0.9602386355400085,-0.20582303404808044,-0.9775102734565735,-0.1634533405303955,0.13325436413288116,0.09431353211402893,0.22632896900177002,0.9694741368293762
300,1648560715.421253,77.74317932128906,-55.426597595214844,1838.784423828125,0.871816098690033,-0.010302330367267132,-0.4897250235080719,-0.0661899670958519,0.9881312847137451,-0.13861969113349915,0.4853407144546509,0.15326575934886932,0.8607868552207947
4,1648560715.4212775,-216.88035583496094,-74.35189056396484,1696.0260009765625,-0.16798284649848938,-0.84257972240448,0.5117042064666748,-0.9826961159706116,0.10203589498996735,-0.1545867770910263,0.07803948223590851,-0.5288176536560059,-0.8451400399208069
410,1648560715.4212956,-240.9916229248047,-174.93991088867188,1679.9552001953125,-0.18742072582244873,0.9606964588165283,-0.2047823667526245,-0.9778011441230774,-0.162581667304039,0.13218215107917786,0.0936930701136589,0.22501011192798615,0.9698412418365479
300,1648560715.4589279,77.73252868652344,-55.42412567138672,1838.8203125,0.8724365234375,-0.010646522976458073,-0.48861145973205566,-0.06631012260913849,0.9879391193389893,-0.13992607593536377,0.4842081069946289,0.15447650849819183,0.8612082004547119
4,1648560715.458954,-216.36251831054688,-74.203857421875,1695.828857421875,-0.16129420697689056,-0.8401406407356262,0.5178300142288208,-0.9842191934585571,0.09824016690254211,-0.14717820286750793,0.07277868688106537,-0.5333972573280334,-0.8427280783653259
410,1648560715.458973,-241.79483032226562,-181.68460083007812,1680.3079833984375,-0.18718881905078888,0.959713339805603,-0.20954863727092743,-0.9781057238578796,-0.16234728693962097,0.1302017867565155,0.09093674272298813,0.2293330579996109,0.9690907597541809
300,1648560715.508456,77.71650695800781,-55.43309783935547,1838.764404296875,0.8731687664985657,-0.010266873054206371,-0.48730990290641785,-0.06621044874191284,0.9880127310752869,-0.13945272564888,0.48290011286735535,0.15403077006340027,0.8620220422744751
4,1648560715.5084846,-216.2618865966797,-74.29869842529297,1695.8311767578125,-0.16213743388652802,-0.8401525616645813,0.5175471901893616,-0.9836707711219788,0.09608949720859528,-0.15217941999435425,0.07812308520078659,-0.5337700247764587,-0.8420132398605347
410,1648560715.5085053,-243.0868682861328,-190.5852508544922,1680.962890625,-0.1865263730287552,0.9593897461891174,-0.21161115169525146,-0.9788793921470642,-0.16313931345939636,0.1232101246714592,0.08368442952632904,0.23012372851371765,0.9695565700531006
300,1648560715.5389056,77.69117736816406,-55.43497085571289,1838.822265625,0.8739997148513794,-0.010267331264913082,-0.48581790924072266,-0.06611538678407669,0.9879667162895203,-0.13982318341732025,0.4814075231552124,0.154325470328331,0.8628038167953491
4,1648560715.5389311,-215.950927734375,-74.2771224975586,1695.6771240234375,-0.1581898033618927,-0.8369925022125244,0.523850679397583,-0.9845091104507446,0.09307006001472473,-0.14859266579151154,0.07561613619327545,-0.53924161195755,-0.8387494683265686
410,1648560715.5389512,-243.88575744628906,-196.0233154296875,1681.229248046875,-0.1874072402715683,0.9586465358734131,-0.21418531239032745,-0.9788774847984314,-0.16412459313869476,0.12190967053174973,0.08171521127223969,0.23250792920589447,0.9691556692123413
300,1648560715.5787175,77.7109375,-55.43202590942383,1838.7947998046875,0.8737480044364929,-0.009816840291023254,-0.48627978563308716,-0.06580976396799088,0.9882159233093262,-0.13819679617881775,0.48190608620643616,0.1527511328458786,0.8628056645393372
4,1648560715.5787451,-216.0251007080078,-74.26040649414062,1695.6533203125,-0.15889161825180054,-0.8388422727584839,0.5206698179244995,-0.9845038652420044,0.09498392790555954,-0.14741180837154388,0.07419998943805695,-0.5360239744186401,-0.8409355878829956
410,1648560715.5787642,-245.00782775878906,-202.76089477539062,1681.744873046875,-0.1867537945508957,0.9575316309928894,-0.21967296302318573,-0.9792212247848511,-0.1634422391653061,0.12005192041397095,0.07904966920614243,0.23752857744693756,0.9681587219238281
300,1648560715.6096363,77.698486328125,-55.43012237548828,1838.827880859375,0.8740972280502319,-0.00981175061315298,-0.4856519401073456,-0.06604015082120895,0.9881125092506409,-0.13882498443126678,0.4812408685684204,0.15341906249523163,0.8630583882331848
4,1648560715.6096625,-216.3566436767578,-74.2789535522461,1695.771240234375,-0.1602778434753418,-0.8403246998786926,0.5178468823432922,-0.9841430187225342,0.095659039914608,-0.1493716686964035,0.07598396390676498,-0.5335763692855835,-0.8423317074775696
410,1648560715.6096947,-246.0125274658203,-208.386962890625,1682.2784423828125,-0.18698398768901825,0.9558315873146057,-0.2267664223909378,-0.9791780710220337,-0.16277116537094116,0.12130900472402573,0.07903993874788284,0.24472755193710327,0.9663649201393127
300,1648560715.6503649,77.70211029052734,-55.43482971191406,1838.77880859375,0.873624324798584,-0.009681432507932186,-0.4865047335624695,-0.0659867376089096,0.9882094264030457,-0.13815878331661224,0.48210611939430237,0.1528017371892929,0.862684965133667
4,1648560715.6503904,-216.84063720703125,-74.28703308105469,1695.8248291015625,-0.1644122451543808,-0.8412572145462036,0.5150290727615356,-0.9835361242294312,0.10011395066976547,-0.15044547617435455,0.07500174641609192,-0.5312848091125488,-0.8438668251037598
410,1648560715.6504085,-247.19483947753906,-214.97052001953125,1682.9915771484375,-0.1856323480606079,0.9535989165306091,-0.23704367876052856,-0.9797677397727966,-0.16126227378845215,0.11853111535310745,0.07480494678020477,0.25425097346305847,0.9642409682273865
300,1648560715.6985707,77.7121810913086,-55.42265701293945,1838.7161865234375,0.8731070756912231,-0.010881319642066956,-0.4874070882797241,-0.06648894399404526,0.9877521991729736,-0.14115513861179352,0.4829733967781067,0.15565073490142822,0.8616899251937866
4,1648560715.6985989,-216.83348083496094,-74.20671081542969,1695.586669921875,-0.1653403490781784,-0.8408926129341125,0.5153272747993469,-0.9837386608123779,0.10345147550106049,-0.1468195617198944,0.07014811038970947,-0.5312225818634033,-0.8443232774734497
410,1648560715.6986184,-248.70748901367188,-223.2963104248047,1683.4197998046875,-0.18604931235313416,0.9511913061141968,-0.24621278047561646,-0.9800171256065369,-0.16170310974121094,0.11583848297595978,0.07037118822336197,0.26284441351890564,0.9622685313224792
300,1648560715.748207,77.70904541015625,-55.41923522949219,1838.6766357421875,0.8730533123016357,-0.010645080357789993,-0.487508624792099,-0.06634749472141266,0.9878709316253662,-0.14038904011249542,0.48309001326560974,0.1549120843410492,0.8617576360702515
4,1648560715.748234,-217.00074768066406,-74.14523315429688,1695.3050537109375,-0.1665375679731369,-0.8421414494514465,0.5128966569900513,-0.9834027886390686,0.10387209057807922,-0.14876002073287964,0.07200133800506592,-0.5291581153869629,-0.8454628586769104
410,1648560715.7482545,-250.267333984375,-232.21420288085938,1683.2509765625,-0.1888803243637085,0.9495744109153748,-0.25026512145996094,-0.9798902273178101,-0.16555391252040863,0.11138676106929779,0.06433764845132828,0.26627111434936523,0.9617486000061035
300,1648560715.7982078,77.72117614746094,-55.42116165161133,1838.67578125,0.8729854226112366,-0.010771854780614376,-0.4876273274421692,-0.06623487174510956,0.9878767728805542,-0.1404009610414505,0.48322808742523193,0.15486592054367065,0.8616885542869568
4,1648560715.7982347,-217.153076171875,-74.14177703857422,1695.2525634765625,-0.16796714067459106,-0.8409114480018616,0.5144463181495667,-0.9832990169525146,0.10582408308982849,-0.14806842803955078,0.07007163017988205,-0.5307251811027527,-0.8446424007415771
410,1648560715.798253,-252.3496856689453,-241.31759643554688,1682.9085693359375,-0.18882577121257782,0.9490169286727905,-0.2524116635322571,-0.9801411032676697,-0.16628138720989227,0.10804591327905655,0.06056604161858559,0.267800897359848,0.9615687131881714
300,1648560715.848074,77.7037124633789,-55.42477035522461,1838.6666259765625,0.8734469413757324,-0.010557948611676693,-0.4868048429489136,-0.06632354855537415,0.9878672957420349,-0.14042578637599945,0.4823811948299408,0.15494109690189362,0.8621494174003601
4,1648560715.8480995,-217.01414489746094,-74.10186004638672,1695.204345703125,-0.1646175980567932,-0.8374670743942261,0.5211045145988464,-0.9842533469200134,0.10498034209012985,-0.14221298694610596,0.06439296901226044,-0.5363095998764038,-0.8415613770484924
410,1648560715.8481185,-254.53811645507812,-249.51210021972656,1682.73974609375,-0.18958844244480133,0.9487741589546204,-0.2527523636817932,-0.9803245067596436,-0.16850413382053375,0.10281141847372055,0.054955001920461655,0.2672712206840515,0.9620530605316162
300,1648560715.8978486,77.71576690673828,-55.44640350341797,1838.6544189453125,0.8731551170349121,-0.009700676426291466,-0.4873458743095398,-0.06597717851400375,0.9882490634918213,-0.13787947595119476,0.4829566180706024,0.15254388749599457,0.8622547388076782
4,1648560715.897876,-217.36827087402344,-74.33513641357422,1695.1922607421875,-0.17606505751609802,-0.8378233313560486,0.5167719125747681,-0.98161381483078,0.1101137027144432,-0.15591420233249664,0.0737248957157135,-0.5347214937210083,-0.8418061137199402
410,1648560715.897896,-256.790771484375,-257.77117919921875,1682.4183349609375,-0.19225087761878967,0.9472781419754028,-0.2563272714614868,-0.9802327156066895,-0.17292922735214233,0.09612131863832474,0.04672715440392494,0.2697397768497467,0.9617988467216492
300,1648560715.9477508,77.69145202636719,-55.44842529296875,1838.591552734375,0.8734803795814514,-0.009784236550331116,-0.48676106333732605,-0.06593304872512817,0.9882102012634277,-0.13817888498306274,0.48237425088882446,0.15279018878936768,0.8625370860099792
4,1648560715.9477785,-217.66714477539062,-74.2138900756836,1695.3775634765625,-0.1746709793806076,-0.8406600952148438,0.5126213431358337,-0.98213791847229,0.11176027357578278,-0.15137603878974915,0.06996509432792664,-0.5299058556556702,-0.8451654314994812
410,1648560715.9477985,-259.46966552734375,-265.5898742675781,1681.6019287109375,-0.19559071958065033,0.9471343159675598,-0.254324346780777,-0.979975700378418,-0.17889650166034698,0.08742821961641312,0.037308529019355774,0.26633182168006897,0.9631590843200684
300,1648560715.9975836,77.69876098632812,-55.43796920776367,1838.5284423828125,0.8730412721633911,-0.009858706966042519,-0.4875466525554657,-0.06606055796146393,0.9881881475448608,-0.13827568292617798,0.48315104842185974,0.15292799472808838,0.8620777726173401
4,1648560715.9976113,-217.82310485839844,-74.2381362915039,1695.550048828125,-0.1716671586036682,-0.840829610824585,0.5133575797080994,-0.982448399066925,0.10751467943191528,-0.15243291854858398,0.07297663390636444,-0.5305150151252747,-0.8445283770561218
410,1648560715.99763,-261.80816650390625,-272.1276550292969,1681.0859375,-0.19849255681037903,0.9457411766052246,-0.25724372267723083,-0.9795239567756653,-0.18240465223789215,0.08521346002817154,0.0336674265563488,0.2688906192779541,0.9625821113586426
300,1648560716.0474217,77.68982696533203,-55.43655014038086,1838.6331787109375,0.873028039932251,-0.010930401273071766,-0.48754751682281494,-0.06643733382225037,0.9877620339393616,-0.14111094176769257,0.4831233024597168,0.1555851697921753,0.8616177439689636
4,1648560716.0474606,-218.1648406982422,-74.24026489257812,1695.6676025390625,-0.1764267534017563,-0.8413779139518738,0.5108392834663391,-0.9815046191215515,0.11119567602872849,-0.1558339148759842,0.07431209832429886,-0.5288843512535095,-0.8454342484474182
300,1648560716.0973637,77.6897964477539,-55.41819763183594,1838.5657958984375,0.8735962510108948,-0.010711323469877243,-0.4865335524082184,-0.06633724272251129,0.9878047108650208,-0.14085906744003296,0.4821089208126068,0.15532924234867096,0.8622319102287292
4,1648560716.097391,-218.1342010498047,-74.20870208740234,1695.833251953125,-0.17513366043567657,-0.841513454914093,0.5110610127449036,-0.9817023873329163,0.10984452813863754,-0.15554597973823547,0.07475677877664566,-0.5289511680603027,-0.8453532457351685
300,1648560716.147252,77.72673034667969,-55.43519973754883,1838.618408203125,0.872778058052063,-0.01025110762566328,-0.48800966143608093,-0.06588689237833023,0.9881554245948792,-0.1385921835899353,0.4836501181125641,0.15311364829540253,0.8617649078369141
4,1648560716.1472795,-216.80886840820312,-74.23394012451172,1695.5711669921875,-0.16601108014583588,-0.8382993340492249,0.5193212032318115,-0.9835187196731567,0.1024978756904602,-0.14894656836986542,0.0716324970126152,-0.5354889035224915,-0.8414989113807678
300,1648560716.1970723,77.72713470458984,-55.42719650268555,1838.5985107421875,0.8732767701148987,-0.010593128390610218,-0.48710930347442627,-0.06602856516838074,0.9879673719406128,-0.13985952734947205,0.48272964358329773,0.15429921448230743,0.8620694875717163
4,1648560716.1971,-215.85812377929688,-74.22159576416016,1695.193115234375,-0.15870824456214905,-0.835806131362915,0.5255852341651917,-0.9850924015045166,0.09826525300741196,-0.14119800925254822,0.06636739522218704,-0.540159285068512,-0.838941752910614
300,1648560716.2469594,77.6944580078125,-55.43153381347656,1838.6424560546875,0.8739570379257202,-0.010442148894071579,-0.4858909547328949,-0.06619004905223846,0.9878963232040405,-0.14028461277484894,0.48147472739219666,0.154763862490654,0.8626877665519714
4,1648560716.2469857,-216.2142333984375,-74.22301483154297,1695.1380615234375,-0.16085752844810486,-0.8383129239082336,0.5209186673164368,-0.9846715331077576,0.10025028139352798,-0.1427299976348877,0.06743016839027405,-0.5358929634094238,-0.8415889143943787
300,1648560716.2967021,77.69561004638672,-55.43982696533203,1838.7320556640625,0.87413489818573,-0.010338066145777702,-0.4855731427669525,-0.06623772531747818,0.9878945350646973,-0.14027468860149384,0.4811452329158783,0.1547822654247284,0.8628683090209961
4,1648560716.2967434,-216.85855102539062,-74.20794677734375,1695.255615234375,-0.16534686088562012,-0.8390599489212036,0.5183038115501404,-0.9838968515396118,0.10416822880506516,-0.14524467289447784,0.06787820160388947,-0.533973217010498,-0.8427723050117493
300,1648560716.3466148,77.71632385253906,-55.44221878051758,1838.6802978515625,0.8735000491142273,-0.010213502682745457,-0.4867169260978699,-0.06627870351076126,0.9879758954048157,-0.13968107104301453,0.48229122161865234,0.15427038073539734,0.8623200058937073
4,1648560716.3466423,-216.89112854003906,-74.2279281616211,1695.2322998046875,-0.16621556878089905,-0.840038537979126,0.5164374113082886,-0.98360276222229,0.10407008230686188,-0.14729221165180206,0.06998544931411743,-0.5324515700340271,-0.8435623049736023
300,1648560716.396421,77.7208023071289,-55.44417953491211,1838.653564453125,0.8731285929679871,-0.009908424690365791,-0.4873892664909363,-0.06613724678754807,0.9881418943405151,-0.1385694146156311,0.4829827547073364,0.15322349965572357,0.8621196150779724
4,1648560716.396461,-216.64877319335938,-74.25773620605469,1695.3900146484375,-0.16412748396396637,-0.8396555185317993,0.5177266001701355,-0.9839386343955994,0.10200462490320206,-0.1464916616678238,0.07019202411174774,-0.5334544777870178,-0.8429112434387207
300,1648560716.4462552,77.71292877197266,-55.4371452331543,1838.6552734375,0.8734040856361389,-0.010206902399659157,-0.48688921332359314,-0.06605274975299835,0.9880586862564087,-0.13920161128044128,0.4824959337711334,0.15373963117599487,0.8623002767562866
4,1648560716.4462836,-216.82022094726562,-74.29339599609375,1695.7528076171875,-0.16461312770843506,-0.8398393988609314,0.5172739624977112,-0.9837556481361389,0.101719431579113,-0.1479121595621109,0.07160564512014389,-0.5332194566726685,-0.8429411053657532
300,1648560716.4961429,77.71598815917969,-55.43116760253906,1838.70166015625,0.873536229133606,-0.010717550292611122,-0.48664113879203796,-0.06629441678524017,0.9878222942352295,-0.14075589179992676,0.4822235107421875,0.15521696209907532,0.8621880412101746
4,1648560716.4961715,-216.70567321777344,-74.33431243896484,1695.9249267578125,-0.16466255486011505,-0.8404160737991333,0.5163207650184631,-0.9834572076797485,0.0998276025056839,-0.15114997327327728,0.07548580318689346,-0.5326681137084961,-0.8429511189460754
300,1648560716.6110795,77.72541809082031,-55.44089126586914,1838.7044677734375,0.8738337755203247,-0.0104170311242342,-0.48611322045326233,-0.06612241268157959,0.9879366755485535,-0.14003191888332367,0.48170778155326843,0.1545075923204422,0.8626036047935486
4,1648560716.6111073,-216.86575317382812,-74.32706451416016,1695.692626953125,-0.1668790727853775,-0.8407758474349976,0.5150216817855835,-0.9829761981964111,0.1011456698179245,-0.15338638424873352,0.0768713504076004,-0.531851053237915,-0.8433417081832886
300,1648560716.6499856,77.72824096679688,-55.44851303100586,1838.667724609375,0.8737544417381287,-0.010187648236751556,-0.4862605929374695,-0.06632319837808609,0.9879456758499146,-0.13987362384796143,0.48182404041290283,0.15446555614471436,0.8625462055206299
4,1648560716.650011,-217.03775024414062,-74.30831909179688,1695.5472412109375,-0.1675262153148651,-0.8409446477890015,0.5145358443260193,-0.9830980896949768,0.10340534150600433,-0.151080921292305,0.07384493201971054,-0.5311492085456848,-0.8440541625022888
300,1648560716.6805005,77.74578094482422,-55.45280838012695,1838.6312255859375,0.8735594153404236,-0.010528916493058205,-0.48660358786582947,-0.06631115078926086,0.9878692030906677,-0.14041803777217865,0.4821791648864746,0.15493075549602509,0.8622642755508423
4,1648560716.6805265,-217.02142333984375,-74.30826568603516,1695.452392578125,-0.16746579110622406,-0.8403686285018921,0.5154955983161926,-0.983186662197113,0.10375048220157623,-0.15026602149009705,0.07279593497514725,-0.5319927930831909,-0.843613862991333
